TIMESTAMP,RECORD,ID,Ano,Dia,MinDia,T_Bat,TEMP_Avg,TEMP_Max,TEMP_Min,TEMP_Std,UR_Avg,UR_Max,UR_Min,UR_Std,PRES_Avg,PRES_Max,PRES_Min,PRES_Std,Prec_Tot,VEL_Avg,VEL_Max,VEL_Min,VEL_Std,DIR_Avg,DIR_Max,DIR_Min,DIR_Std,GHI1_Avg,GHI1_Max,GHI1_Min,GHI1_Std,DHI_Avg,DHI_Max,DHI_Min,DHI_Std,BNI_Avg,BNI_Max,BNI_Min,BNI_Std,Temp_BNI,Res_BNI,LWD_Avg,LWD_Std,LWD_Max,LWD_Min,OLD_Avg,OLD_Std,OLD_Max,OLD_Min,Temp_OLD,Res_OLD
2024-07-05 00:00:00,12024,2,2024,186,1439,13.17,17.14,17.25,17.02,0.06,0.735,0.858,0.625,0.072,949,949,949.0,0.04,0,0.537,0.7,0.39,0.074,239.6,263,223,9.71,-1.52,-1.451,-1.568,0.024,-1.338,-1.303,-1.37,0.014,-0.411,-0.365,-0.447,0.025,16.25,14343.39,333.0,0.085,333.3,332.9,-68.04,0.125,-67.67,-68.21,16.83,13995.74
2024-07-05 00:01:00,12025,2,2024,187,0,13.22,17.23,17.39,17.05,0.108,0.686,0.795,0.635,0.035,949,949,949.0,0.037,0,0.738,1,0.32,0.134,227.9,248,210,10.21,-1.564,-1.529,-1.607,0.024,-1.369,-1.337,-1.404,0.022,-0.384,-0.365,-0.447,0.024,16.22,14360.26,333.3,0.076,333.5,333.1,-67.53,0.063,-67.39,-67.65,16.83,13994.44
2024-07-05 00:02:00,12026,2,2024,187,1,13.21,17.58,17.78,17.34,0.146,0.753,0.862,0.642,0.068,949,949,949.0,0.023,0,0.751,1.05,0.55,0.114,228.2,245,197,11.46,-1.596,-1.529,-1.607,0.021,-1.367,-1.337,-1.404,0.023,-0.431,-0.365,-0.447,0.022,16.2,14372.82,333.7,0.124,334.0,333.4,-67.11,0.105,-66.88,-67.42,16.81,14008.06
2024-07-05 00:03:00,12027,2,2024,187,2,13.22,17.61,17.71,17.51,0.043,0.675,0.738,0.625,0.022,949,949,949.0,0.031,0,0.711,0.91,0.55,0.092,226.2,247,204,9.31,-1.607,-1.607,-1.607,0.0,-1.338,-1.337,-1.37,0.007,-0.449,-0.447,-0.487,0.01,16.18,14385.15,334.0,0.146,334.3,333.7,-66.67,0.158,-66.43,-66.94,16.76,14037.3
2024-07-05 00:04:00,12028,2,2024,187,3,13.21,17.52,17.62,17.38,0.062,0.763,0.858,0.625,0.064,949,949,949.0,0.023,0,0.778,1.1,0.54,0.129,222.3,242,188,11.62,-1.601,-1.529,-1.607,0.016,-1.298,-1.27,-1.337,0.026,-0.462,-0.447,-0.528,0.024,16.16,14401.64,334.6,0.272,335.1,334.1,-66.07,0.266,-65.67,-66.52,16.77,14033.38
2024-07-05 00:05:00,12029,2,2024,187,4,13.22,17.56,17.62,17.48,0.029,0.669,0.699,0.625,0.013,949,949,949.0,0.034,0,1.02,1.31,0.75,0.132,212.8,230,196,6.469,-1.548,-1.49,-1.607,0.031,-1.239,-1.203,-1.303,0.032,-0.453,-0.447,-0.487,0.015,16.17,14392.94,335.0,0.115,335.2,334.7,-65.58,0.095,-65.41,-65.78,16.77,14034.7
2024-07-05 00:06:00,12030,2,2024,187,5,13.22,17.69,17.88,17.54,0.103,0.769,0.855,0.679,0.052,949,949,949.0,0.028,0,0.807,1.24,0.4,0.187,212.3,231,190,9.1,-1.41,-1.333,-1.49,0.044,-1.13,-1.069,-1.203,0.045,-0.455,-0.447,-0.528,0.02,16.15,14405.15,334.9,0.202,335.3,334.4,-65.87,0.2,-65.5,-66.23,16.78,14024.94
2024-07-05 00:07:00,12031,2,2024,187,6,13.22,17.7,17.89,17.55,0.097,0.665,0.679,0.622,0.013,949,949,949.0,0.035,0,0.833,1.13,0.44,0.134,216.5,230,202,6.275,-1.282,-1.215,-1.372,0.031,-1.042,-1.003,-1.069,0.029,-0.474,-0.447,-0.528,0.024,16.17,14391.25,334.4,0.17,334.7,334.1,-66.18,0.121,-66.01,-66.4,16.74,14050.32
2024-07-05 00:08:00,12032,2,2024,187,7,13.21,17.69,17.85,17.57,0.063,0.767,0.858,0.652,0.057,949,949,949.0,0.031,0,0.892,1.44,0.5,0.195,212.3,249,185,11.52,-1.204,-1.137,-1.215,0.021,-0.976,-0.936,-1.003,0.028,-0.458,-0.447,-0.487,0.018,16.18,14389.3,334.3,0.153,334.5,333.9,-66.37,0.124,-66.23,-66.66,16.78,14024.94
2024-07-05 00:09:00,12033,2,2024,187,8,13.22,17.93,18.01,17.82,0.041,0.669,0.702,0.622,0.014,949,949,949.0,0.026,0,0.949,1.58,0.63,0.198,210.4,231,190,10.11,-1.119,-1.059,-1.176,0.032,-0.92,-0.869,-0.936,0.021,-0.455,-0.447,-0.487,0.016,16.19,14380.61,334.2,0.063,334.3,334.0,-66.43,0.053,-66.35,-66.52,16.76,14039.24
2024-07-05 00:10:00,12034,2,2024,187,9,13.22,17.98,18.02,17.92,0.026,0.759,0.862,0.632,0.065,949,949,949.0,0.029,0,0.936,1.28,0.64,0.158,209.6,222,186,7.963,-1.064,-1.059,-1.098,0.014,-0.891,-0.869,-0.936,0.019,-0.447,-0.447,-0.487,0.005,16.14,14409.7,334.2,0.085,334.4,334.0,-66.41,0.119,-66.26,-66.66,16.79,14020.4
2024-07-05 00:11:00,12035,2,2024,187,10,13.18,17.67,17.97,17.43,0.179,0.732,0.805,0.652,0.043,949,949,949.0,0.029,0,0.763,1.26,0.5,0.204,222.1,239,201,10.02,-1.069,-1.019,-1.098,0.019,-0.92,-0.869,-0.969,0.023,-0.455,-0.406,-0.487,0.02,16.18,14385.15,334.2,0.136,334.5,334.0,-66.38,0.163,-66.01,-66.6,16.75,14041.84
2024-07-05 00:12:00,12036,2,2024,187,11,13.22,17.55,17.78,17.41,0.105,0.813,0.862,0.752,0.024,949,949,949.0,0.027,0,1.049,1.58,0.61,0.21,210.7,231,194,8.65,-1.105,-1.059,-1.137,0.022,-0.949,-0.936,-1.003,0.017,-0.412,-0.365,-0.447,0.027,16.14,14408.78,334.9,0.231,335.4,334.6,-65.63,0.164,-65.36,-65.95,16.79,14021.7
2024-07-05 00:13:00,12037,2,2024,187,12,13.18,17.72,17.91,17.32,0.185,0.691,0.805,0.629,0.041,949,949,949.0,0.031,0,0.882,1.39,0.56,0.185,206.7,234,183,10.7,-1.094,-1.059,-1.137,0.023,-0.942,-0.936,-0.969,0.013,-0.421,-0.365,-0.447,0.022,16.18,14385.8,334.9,0.186,335.3,334.6,-65.69,0.15,-65.39,-65.95,16.76,14035.98
2024-07-05 00:14:00,12038,2,2024,187,13,13.22,17.23,17.3,17.17,0.032,0.728,0.855,0.632,0.069,949,949,949.0,0.026,0,0.903,1.27,0.52,0.18,211.2,230,189,9.64,-1.102,-1.059,-1.137,0.026,-0.959,-0.936,-1.003,0.025,-0.425,-0.365,-0.447,0.024,16.13,14416.58,334.8,0.121,335.0,334.6,-65.69,0.103,-65.47,-65.89,16.78,14024.93
2024-07-05 00:15:00,12039,2,2024,187,14,13.18,17.37,17.45,17.18,0.078,0.708,0.848,0.625,0.058,949,949,949.0,0.025,0,0.818,1.08,0.54,0.145,217.9,237,188,11.74,-1.191,-1.137,-1.215,0.03,-1.033,-0.969,-1.069,0.03,-0.399,-0.365,-0.447,0.027,16.15,14407.22,335.1,0.11,335.4,334.8,-65.44,0.127,-65.27,-65.78,16.73,14057.43
2024-07-05 00:16:00,12040,2,2024,187,15,13.22,17.4,17.46,17.32,0.029,0.708,0.835,0.629,0.054,949,949,949.0,0.028,0,0.682,1.17,0.38,0.176,221.2,239,193,9.85,-1.264,-1.215,-1.294,0.03,-1.081,-1.069,-1.136,0.021,-0.384,-0.365,-0.447,0.022,16.12,14423.45,335.3,0.163,335.8,335.0,-65.08,0.168,-64.68,-65.36,16.75,14045.71
2024-07-05 00:17:00,12041,2,2024,187,16,13.18,17.44,17.54,17.35,0.053,0.73,0.862,0.629,0.071,949,949,949.0,0.028,0,0.88,1.28,0.62,0.157,204.6,221,194,6.921,-1.302,-1.294,-1.333,0.016,-1.13,-1.103,-1.136,0.013,-0.373,-0.365,-0.447,0.017,16.12,14424.1,335.7,0.133,336.0,335.5,-64.74,0.128,-64.51,-64.99,16.73,14058.69
2024-07-05 00:18:00,12042,2,2024,187,17,13.22,17.3,17.43,17.18,0.053,0.69,0.785,0.622,0.041,949,949,949.0,0.03,0,0.87,1.23,0.51,0.188,205.6,222,184,9.42,-1.3,-1.294,-1.333,0.014,-1.128,-1.103,-1.136,0.014,-0.388,-0.365,-0.406,0.02,16.1,14437.08,335.6,0.101,335.8,335.4,-64.63,0.114,-64.43,-64.91,16.72,14059.99
2024-07-05 00:19:00,12043,2,2024,187,18,13.2,17.49,17.58,17.36,0.063,0.748,0.858,0.625,0.07,949,949,949.0,0.025,0,0.863,1.25,0.5,0.163,202.2,227,185,9.52,-1.241,-1.215,-1.294,0.028,-1.079,-1.069,-1.136,0.019,-0.401,-0.365,-0.447,0.027,16.09,14439.67,335.7,0.077,335.8,335.4,-64.73,0.066,-64.6,-64.93,16.72,14062.55
2024-07-05 00:20:00,12044,2,2024,187,19,13.22,17.45,17.59,17.28,0.07,0.675,0.745,0.625,0.024,949,949,949.0,0.023,0,0.807,1.18,0.39,0.196,203.9,226,170,10.44,-1.213,-1.176,-1.255,0.013,-1.068,-1.036,-1.069,0.006,-0.421,-0.365,-0.447,0.024,16.08,14446.16,335.4,0.065,335.7,335.3,-64.78,0.071,-64.68,-64.96,16.69,14079.51
2024-07-05 00:21:00,12045,2,2024,187,20,13.22,17.38,17.59,17.21,0.121,0.761,0.862,0.635,0.065,949,949,949.0,0.029,0,0.854,1.24,0.59,0.132,207.7,232,186,10.29,-1.204,-1.176,-1.215,0.018,-1.052,-1.003,-1.069,0.018,-0.407,-0.365,-0.447,0.028,16.07,14454.6,335.6,0.098,335.7,335.3,-64.73,0.083,-64.6,-64.88,16.68,14083.41
2024-07-05 00:22:00,12046,2,2024,187,21,13.22,17.34,17.56,17.17,0.119,0.669,0.712,0.625,0.015,949,949,949.0,0.031,0,0.884,1.23,0.48,0.188,208.6,224,189,8.63,-1.162,-1.137,-1.215,0.02,-1.032,-1.003,-1.069,0.022,-0.407,-0.365,-0.447,0.024,16.07,14453.66,335.4,0.099,335.7,335.2,-64.72,0.075,-64.57,-64.88,16.67,14092.5
2024-07-05 00:23:00,12047,2,2024,187,22,13.22,17.29,17.39,17.18,0.053,0.769,0.858,0.662,0.055,949,949,949.0,0.032,0,0.74,1.2,0.4,0.153,213.3,231,185,10.95,-1.178,-1.137,-1.215,0.024,-1.048,-1.003,-1.069,0.019,-0.409,-0.365,-0.447,0.028,16.03,14479.57,335.3,0.145,335.5,334.9,-64.91,0.144,-64.71,-65.22,16.7,14073.57
2024-07-05 00:24:00,12048,2,2024,187,23,13.22,17.2,17.36,17.09,0.065,0.666,0.682,0.622,0.013,949,949,949.0,0.033,0,0.675,1.13,0.28,0.18,213,246,187,15.25,-1.214,-1.176,-1.255,0.014,-1.07,-1.069,-1.103,0.004,-0.401,-0.365,-0.447,0.023,16.05,14465.98,334.7,0.164,335.1,334.5,-65.33,0.143,-65.08,-65.56,16.65,14104.19
2024-07-05 00:25:00,12049,2,2024,187,24,13.22,17.29,17.43,17.2,0.05,0.769,0.862,0.635,0.055,949,949,949.0,0.034,0,0.766,1.23,0.4,0.146,212.3,255,177,17.15,-1.236,-1.215,-1.294,0.024,-1.075,-1.069,-1.103,0.012,-0.396,-0.365,-0.447,0.027,16.02,14487.37,334.6,0.106,334.8,334.2,-65.41,0.137,-65.16,-65.81,16.69,14081.36
2024-07-05 00:26:00,12050,2,2024,187,25,13.22,17.43,17.5,17.34,0.033,0.668,0.712,0.625,0.014,949,949,949.0,0.028,0,1.115,1.6,0.53,0.295,201.1,239,179,15.58,-1.275,-1.215,-1.294,0.021,-1.078,-1.069,-1.103,0.015,-0.426,-0.365,-0.447,0.026,16.04,14474.72,334.0,0.244,334.4,333.5,-65.98,0.209,-65.7,-66.35,16.64,14109.38
2024-07-05 00:27:00,12051,2,2024,187,26,13.22,17.46,17.53,17.37,0.035,0.763,0.862,0.635,0.063,949,949,949.0,0.031,0,1.217,1.63,0.64,0.213,200.2,226,186,8.31,-1.274,-1.215,-1.294,0.022,-1.074,-1.069,-1.103,0.011,-0.432,-0.365,-0.447,0.023,15.99,14502.31,333.6,0.138,333.9,333.3,-66.32,0.121,-66.12,-66.55,16.66,14094.98
2024-07-05 00:28:00,12052,2,2024,187,27,13.18,17.48,17.64,17.23,0.115,0.675,0.748,0.625,0.024,949,949,949.0,0.03,0,1.065,1.43,0.68,0.173,207,231,192,9.72,-1.283,-1.255,-1.294,0.017,-1.114,-1.069,-1.136,0.023,-0.433,-0.365,-0.447,0.021,16.04,14473.12,333.2,0.219,333.5,332.8,-66.65,0.163,-66.46,-67.0,16.62,14121.65
2024-07-05 00:29:00,12053,2,2024,187,28,13.22,17.17,17.24,17.07,0.044,0.75,0.858,0.629,0.07,949,949,949.0,0.034,0,0.792,1.26,0.46,0.174,212.3,234,187,11.59,-1.313,-1.294,-1.372,0.027,-1.154,-1.136,-1.203,0.024,-0.431,-0.365,-0.447,0.022,15.97,14514.0,332.9,0.101,333.1,332.6,-66.87,0.045,-66.8,-66.97,16.62,14119.7
2024-07-05 00:30:00,12054,2,2024,187,29,13.19,17.1,17.24,16.9,0.098,0.686,0.792,0.622,0.037,949,949,949.0,0.041,0,0.88,1.53,0.46,0.21,205.6,229,185,9.09,-1.387,-1.333,-1.451,0.024,-1.215,-1.203,-1.27,0.02,-0.404,-0.365,-0.447,0.024,16.0,14494.84,332.8,0.092,332.9,332.6,-66.92,0.099,-66.69,-67.05,16.6,14132.03
2024-07-05 00:31:00,12055,2,2024,187,30,13.22,16.93,17.0,16.86,0.034,0.732,0.862,0.625,0.072,949,949,949.0,0.035,0,0.905,1.44,0.55,0.195,205.2,233,181,11.8,-1.445,-1.372,-1.451,0.016,-1.271,-1.237,-1.303,0.017,-0.37,-0.365,-0.406,0.013,15.93,14540.62,332.7,0.082,332.9,332.6,-66.78,0.051,-66.66,-66.88,16.58,14146.31
2024-07-05 00:32:00,12056,2,2024,187,31,13.18,16.93,17.05,16.8,0.059,0.704,0.835,0.632,0.053,949,949,949.0,0.025,0,1.129,1.68,0.59,0.264,203.4,229,186,11.77,-1.486,-1.451,-1.529,0.032,-1.326,-1.27,-1.404,0.022,-0.372,-0.365,-0.406,0.015,15.96,14519.82,332.7,0.141,333.0,332.5,-66.76,0.106,-66.6,-66.94,16.55,14165.78
2024-07-05 00:33:00,12057,2,2024,187,32,13.2,16.93,17.01,16.8,0.058,0.711,0.842,0.625,0.06,949,949,949.0,0.031,0,1.332,1.79,0.8,0.232,198.5,221,185,9.01,-1.54,-1.49,-1.607,0.026,-1.384,-1.337,-1.404,0.025,-0.367,-0.365,-0.406,0.007,15.9,14557.8,332.3,0.227,332.8,331.9,-66.93,0.202,-66.63,-67.34,16.54,14168.92
2024-07-05 00:34:00,12058,2,2024,187,33,13.19,17.08,17.18,16.95,0.063,0.726,0.858,0.625,0.069,949,949,949.0,0.027,0,1.455,1.75,0.73,0.216,194.5,221,176,8.35,-1.602,-1.529,-1.647,0.017,-1.455,-1.404,-1.471,0.022,-0.368,-0.365,-0.406,0.01,15.9,14555.85,332.2,0.085,332.4,332.0,-67.01,0.082,-66.91,-67.25,16.51,14188.38
2024-07-05 00:35:00,12059,2,2024,187,34,13.23,16.96,17.08,16.88,0.042,0.693,0.795,0.629,0.041,949,949,949.0,0.031,0,1.508,2.12,0.92,0.267,200,226,182,10.82,-1.608,-1.568,-1.647,0.007,-1.469,-1.437,-1.504,0.009,-0.365,-0.365,-0.365,0.0,15.85,14589.6,332.0,0.167,332.3,331.6,-66.96,0.116,-66.72,-67.22,16.47,14211.21
2024-07-05 00:36:00,12060,2,2024,187,35,13.19,16.85,16.91,16.76,0.036,0.747,0.862,0.635,0.071,949,949,949.0,0.025,0,1.345,1.85,0.72,0.247,205.2,241,179,13.8,-1.614,-1.568,-1.647,0.016,-1.476,-1.471,-1.504,0.012,-0.366,-0.365,-0.406,0.005,15.83,14599.98,332.2,0.126,332.5,332.0,-66.73,0.126,-66.52,-66.97,16.45,14221.46
2024-07-05 00:37:00,12061,2,2024,187,36,13.22,16.76,16.92,16.65,0.072,0.677,0.748,0.629,0.025,949,949,949.0,0.028,0,1.469,2.08,0.78,0.318,203.8,231,172,13.48,-1.619,-1.608,-1.686,0.019,-1.474,-1.471,-1.504,0.011,-0.364,-0.325,-0.365,0.007,15.81,14612.96,332.3,0.088,332.4,332.1,-66.38,0.092,-66.18,-66.55,16.39,14258.76
2024-07-05 00:38:00,12062,2,2024,187,37,13.22,16.98,17.07,16.85,0.054,0.757,0.858,0.649,0.065,949,949,949.0,0.024,0,1.447,2.05,1.03,0.228,208.7,235,187,12.61,-1.587,-1.529,-1.608,0.023,-1.431,-1.404,-1.471,0.03,-0.371,-0.365,-0.406,0.014,15.8,14623.1,332.2,0.112,332.5,331.9,-66.35,0.117,-66.12,-66.57,16.38,14267.2
2024-07-05 00:39:00,12063,2,2024,187,38,13.23,16.88,17.0,16.77,0.056,0.669,0.719,0.619,0.016,949,949,949.0,0.028,0,1.166,1.61,0.59,0.208,208.5,253,188,14.32,-1.543,-1.529,-1.608,0.02,-1.398,-1.337,-1.437,0.016,-0.371,-0.365,-0.406,0.014,15.77,14635.68,332.0,0.125,332.2,331.7,-66.32,0.114,-66.18,-66.57,16.37,14268.5
2024-07-05 00:40:00,12064,2,2024,187,39,13.22,16.71,16.86,16.63,0.064,0.765,0.858,0.622,0.058,949,949,949.0,0.035,0,1.044,1.61,0.57,0.226,208.9,244,168,16.01,-1.529,-1.49,-1.568,0.007,-1.362,-1.337,-1.404,0.025,-0.382,-0.365,-0.406,0.02,15.74,14655.58,331.9,0.132,332.2,331.6,-66.46,0.091,-66.26,-66.63,16.36,14279.83
2024-07-05 00:41:00,12065,2,2024,187,40,13.23,16.74,16.86,16.65,0.043,0.665,0.679,0.622,0.012,949,949,949.0,0.031,0,1.181,1.61,0.78,0.195,210.4,243,188,13.3,-1.53,-1.529,-1.568,0.005,-1.347,-1.337,-1.37,0.015,-0.38,-0.365,-0.406,0.02,15.72,14667.92,331.7,0.181,332.1,331.4,-66.43,0.107,-66.12,-66.57,16.29,14317.86
2024-07-05 00:42:00,12066,2,2024,187,41,13.23,16.82,16.95,16.71,0.056,0.769,0.858,0.635,0.053,949,949,949.0,0.033,0,1.042,1.55,0.66,0.188,219.2,241,185,14.18,-1.528,-1.49,-1.568,0.009,-1.337,-1.337,-1.337,0.0,-0.383,-0.365,-0.447,0.024,15.74,14657.52,331.5,0.175,331.8,331.1,-66.62,0.145,-66.35,-66.86,16.33,14296.05
2024-07-05 00:43:00,12067,2,2024,187,42,13.23,16.87,16.99,16.72,0.055,0.666,0.682,0.629,0.013,949,949,949.0,0.032,0,1.183,1.57,0.82,0.187,216,250,195,13.33,-1.53,-1.529,-1.568,0.005,-1.335,-1.303,-1.337,0.008,-0.386,-0.365,-0.447,0.023,15.75,14648.89,331.8,0.105,332.1,331.6,-66.2,0.125,-66.01,-66.49,16.28,14325.65
2024-07-05 00:44:00,12068,2,2024,187,43,13.23,17.09,17.14,16.97,0.038,0.765,0.858,0.635,0.06,949,949,949.0,0.033,0,1.107,1.78,0.59,0.223,214.4,240,185,12.07,-1.517,-1.451,-1.529,0.022,-1.296,-1.27,-1.337,0.027,-0.412,-0.365,-0.447,0.029,15.68,14692.59,331.9,0.13,332.2,331.6,-65.99,0.108,-65.73,-66.24,16.29,14319.4
2024-07-05 00:45:00,12069,2,2024,187,44,13.23,17.02,17.12,16.91,0.059,0.736,0.808,0.662,0.045,949,949,949.0,0.031,0,1.146,1.58,0.55,0.231,206.1,238,178,13.17,-1.483,-1.451,-1.529,0.026,-1.264,-1.237,-1.27,0.012,-0.427,-0.365,-0.447,0.023,15.72,14672.89,332.2,0.101,332.3,331.9,-65.61,0.109,-65.39,-65.78,16.24,14350.75
2024-07-05 00:46:00,12070,2,2024,187,45,13.22,17.01,17.09,16.93,0.035,0.812,0.858,0.742,0.026,949,949,949.0,0.029,0,1.12,1.85,0.14,0.369,203.4,295,181,17.16,-1.453,-1.451,-1.49,0.01,-1.254,-1.203,-1.27,0.022,-0.417,-0.365,-0.447,0.026,15.67,14700.39,332.2,0.221,332.6,331.9,-65.5,0.149,-65.19,-65.73,16.26,14339.72
2024-07-05 00:47:00,12071,2,2024,187,46,13.19,17.15,17.31,16.94,0.106,0.683,0.785,0.622,0.035,949,949,949.0,0.027,0,0.977,1.4,0.62,0.197,209.2,238,177,14.45,-1.442,-1.411,-1.451,0.016,-1.222,-1.203,-1.27,0.022,-0.394,-0.365,-0.447,0.028,15.69,14690.85,332.4,0.104,332.6,332.2,-65.22,0.141,-65.05,-65.56,16.21,14366.98
2024-07-05 00:48:00,12072,2,2024,187,47,13.23,16.95,17.12,16.84,0.071,0.738,0.858,0.625,0.07,949,949,949.0,0.026,0,1.218,1.72,0.84,0.241,203.2,233,179,11.24,-1.4,-1.372,-1.451,0.028,-1.203,-1.17,-1.237,0.01,-0.403,-0.365,-0.447,0.023,15.65,14710.97,332.5,0.177,332.8,332.1,-65.03,0.152,-64.82,-65.3,16.23,14355.72
2024-07-05 00:49:00,12073,2,2024,187,48,13.19,17.1,17.23,16.8,0.118,0.698,0.822,0.625,0.052,949,949,949.0,0.017,0,0.924,1.55,0.38,0.266,217.4,242,191,14.42,-1.367,-1.333,-1.372,0.013,-1.186,-1.136,-1.203,0.021,-0.411,-0.365,-0.447,0.025,15.68,14694.29,332.4,0.366,333.1,331.8,-65.11,0.326,-64.46,-65.61,16.18,14383.86
2024-07-05 00:50:00,12074,2,2024,187,49,13.23,16.77,16.83,16.71,0.03,0.718,0.852,0.629,0.063,949,949,949.0,0.026,0,0.783,1.26,0.37,0.18,220.1,243,178,14.95,-1.372,-1.333,-1.411,0.01,-1.195,-1.136,-1.203,0.015,-0.413,-0.365,-0.447,0.027,15.66,14710.32,332.3,0.219,332.9,332.0,-65.01,0.185,-64.6,-65.27,16.22,14364.8
2024-07-05 00:51:00,12075,2,2024,187,50,13.19,16.96,17.13,16.73,0.096,0.721,0.858,0.622,0.067,949,949,949.0,0.018,0,0.829,1.21,0.35,0.187,220.6,252,189,16.05,-1.376,-1.333,-1.411,0.014,-1.189,-1.136,-1.203,0.018,-0.393,-0.365,-0.447,0.026,15.66,14707.91,332.8,0.144,333.1,332.5,-64.56,0.158,-64.26,-64.88,16.18,14388.8
2024-07-05 00:52:00,12076,2,2024,187,51,13.23,16.96,17.0,16.88,0.024,0.697,0.805,0.625,0.045,949,949,949.0,0.022,0,0.768,1.22,0.2,0.232,222.9,265,179,18.69,-1.376,-1.372,-1.411,0.011,-1.16,-1.136,-1.203,0.021,-0.417,-0.365,-0.447,0.025,15.63,14724.6,332.9,0.091,333.0,332.6,-64.33,0.082,-64.2,-64.57,16.16,14398.13
2024-07-05 00:53:00,12077,2,2024,187,52,13.19,17.04,17.14,16.9,0.062,0.741,0.858,0.625,0.072,949,949,948.0,0.02,0,0.768,1.3,0.18,0.196,225.3,253,180,19.52,-1.381,-1.372,-1.411,0.017,-1.144,-1.136,-1.17,0.014,-0.432,-0.406,-0.447,0.02,15.65,14712.46,333.2,0.194,333.6,332.9,-64.05,0.191,-63.75,-64.34,16.15,14403.72
2024-07-05 00:54:00,12078,2,2024,187,53,13.23,16.99,17.06,16.89,0.041,0.682,0.782,0.625,0.03,949,949,949.0,0.027,0,0.647,0.97,0.28,0.137,231,264,176,16.56,-1.398,-1.372,-1.451,0.022,-1.131,-1.103,-1.136,0.012,-0.457,-0.447,-0.487,0.018,15.65,14713.57,333.4,0.212,333.7,332.8,-63.74,0.212,-63.35,-64.17,16.12,14422.42
2024-07-05 00:55:00,12079,2,2024,187,54,13.23,17.1,17.2,16.98,0.054,0.756,0.858,0.625,0.069,949,949,949.0,0.016,0,0.753,1.22,0.42,0.199,220.8,256,174,18.07,-1.41,-1.372,-1.451,0.027,-1.125,-1.069,-1.136,0.018,-0.486,-0.447,-0.528,0.023,15.64,14718.76,333.6,0.154,334.0,333.4,-63.59,0.144,-63.3,-63.81,16.15,14406.96
2024-07-05 00:56:00,12080,2,2024,187,55,13.23,17.03,17.12,16.94,0.046,0.671,0.729,0.625,0.018,949,949,949.0,0.02,0,0.903,1.37,0.54,0.201,224.3,256,187,15.89,-1.436,-1.372,-1.451,0.022,-1.111,-1.069,-1.136,0.024,-0.48,-0.447,-0.528,0.028,15.66,14707.27,333.7,0.181,334.1,333.3,-63.38,0.191,-63.01,-63.69,16.12,14420.85
2024-07-05 00:57:00,12081,2,2024,187,56,13.23,17.09,17.17,17.0,0.032,0.766,0.862,0.635,0.059,949,949,948.0,0.019,0,0.893,1.58,0.37,0.225,226.5,250,178,14.35,-1.4,-1.372,-1.451,0.025,-1.073,-1.069,-1.103,0.01,-0.481,-0.447,-0.528,0.025,15.63,14727.67,334.0,0.291,334.4,333.4,-63.14,0.243,-62.73,-63.64,16.15,14403.72
2024-07-05 00:58:00,12082,2,2024,187,57,13.23,17.18,17.29,17.07,0.059,0.667,0.682,0.622,0.012,949,949,948.0,0.026,0,1.078,1.61,0.52,0.259,218.7,242,192,12.83,-1.375,-1.333,-1.411,0.014,-1.058,-1.003,-1.103,0.019,-0.484,-0.447,-0.528,0.027,15.66,14710.32,334.5,0.19,334.8,334.0,-62.6,0.211,-62.31,-63.13,16.11,14428.27
2024-07-05 00:59:00,12083,2,2024,187,58,13.23,17.3,17.4,17.18,0.052,0.771,0.862,0.685,0.052,949,949,948.0,0.022,0,1.006,1.7,0.34,0.3,221.3,246,192,11.6,-1.31,-1.255,-1.372,0.028,-0.999,-0.936,-1.036,0.025,-0.486,-0.447,-0.528,0.026,15.66,14709.67,334.7,0.131,335.1,334.4,-62.45,0.094,-62.22,-62.68,16.16,14401.77
2024-07-05 01:00:00,12084,2,2024,187,59,13.23,17.26,17.42,17.1,0.093,0.667,0.682,0.625,0.013,949,949,948.0,0.031,0,1.089,1.7,0.66,0.283,219,248,196,11.09,-1.278,-1.215,-1.294,0.022,-0.937,-0.902,-0.969,0.009,-0.496,-0.447,-0.528,0.024,15.69,14691.05,334.6,0.165,334.9,334.2,-62.51,0.133,-62.28,-62.79,16.11,14426.97
2024-07-05 01:01:00,12085,2,2024,187,60,13.23,17.14,17.27,17.07,0.047,0.767,0.865,0.659,0.059,949,949,948.0,0.036,0,1.044,1.49,0.48,0.219,222.1,248,199,10.71,-1.236,-1.215,-1.294,0.022,-0.93,-0.902,-0.936,0.012,-0.482,-0.447,-0.528,0.024,15.65,14715.33,334.4,0.137,334.7,334.1,-62.7,0.153,-62.45,-62.93,16.16,14397.88
2024-07-05 01:02:00,12086,2,2024,187,61,13.23,17.2,17.34,17.03,0.087,0.671,0.729,0.632,0.017,949,949,948.0,0.032,0,0.826,1.35,0.28,0.25,229,250,175,16.85,-1.247,-1.215,-1.294,0.025,-0.932,-0.902,-0.936,0.01,-0.488,-0.447,-0.528,0.029,15.69,14686.51,334.1,0.17,334.5,333.9,-63.01,0.173,-62.62,-63.3,16.13,14415.66
2024-07-05 01:03:00,12087,2,2024,187,62,13.23,17.22,17.34,17.1,0.075,0.757,0.858,0.625,0.067,949,949,948.0,0.025,0,0.801,1.14,0.45,0.175,232.8,257,196,15.99,-1.249,-1.215,-1.294,0.02,-0.931,-0.902,-0.936,0.012,-0.449,-0.406,-0.487,0.016,15.65,14711.43,334.1,0.191,334.6,333.8,-63.01,0.223,-62.53,-63.41,16.17,14393.99
2024-07-05 01:04:00,12088,2,2024,187,63,13.19,17.08,17.21,16.94,0.077,0.68,0.775,0.625,0.029,949,949,948.0,0.028,0,0.738,0.99,0.31,0.182,227.5,255,194,14.93,-1.266,-1.215,-1.294,0.025,-0.935,-0.902,-0.936,0.004,-0.453,-0.447,-0.487,0.015,15.7,14682.62,334.0,0.157,334.3,333.7,-63.13,0.154,-62.9,-63.41,16.13,14417.61
2024-07-05 01:05:00,12089,2,2024,187,64,13.23,17.23,17.32,17.0,0.068,0.742,0.862,0.625,0.07,949,949,948.0,0.026,0,0.682,1.2,0.42,0.169,230.5,251,207,12.67,-1.293,-1.255,-1.294,0.007,-0.943,-0.936,-0.969,0.014,-0.447,-0.406,-0.487,0.01,15.67,14703.83,333.8,0.121,334.1,333.6,-63.27,0.106,-63.1,-63.52,16.17,14392.69
2024-07-05 01:06:00,12090,2,2024,187,65,13.19,17.41,17.52,17.26,0.062,0.693,0.812,0.632,0.047,949,949,948.0,0.019,0,0.63,0.89,0.28,0.121,227.6,252,189,16.51,-1.33,-1.294,-1.372,0.03,-0.983,-0.936,-1.003,0.024,-0.452,-0.447,-0.487,0.014,15.69,14686.3,334.0,0.211,334.3,333.4,-63.23,0.191,-62.99,-63.66,16.14,14411.76
2024-07-05 01:07:00,12091,2,2024,187,66,13.2,17.21,17.39,17.07,0.076,0.723,0.855,0.625,0.066,949,949,949.0,0.018,0,0.625,0.93,0.41,0.127,222.8,242,193,12.69,-1.363,-1.294,-1.372,0.018,-1.0,-0.969,-1.036,0.013,-0.449,-0.447,-0.487,0.01,15.65,14714.03,333.8,0.199,334.2,333.5,-63.23,0.171,-63.01,-63.52,16.15,14402.03
2024-07-05 01:08:00,12092,2,2024,187,67,13.19,17.57,17.76,17.37,0.106,0.715,0.855,0.629,0.062,949,949,948.0,0.025,0,0.706,1.18,0.29,0.185,225.4,245,198,10.45,-1.306,-1.255,-1.372,0.024,-0.983,-0.936,-1.003,0.022,-0.441,-0.406,-0.447,0.014,15.68,14694.74,334.1,0.286,334.6,333.6,-63.14,0.242,-62.73,-63.55,16.14,14408.52
2024-07-05 01:09:00,12093,2,2024,187,68,13.23,17.32,17.41,17.21,0.048,0.702,0.825,0.625,0.052,949,949,949.0,0.016,0,0.901,1.41,0.61,0.159,212.2,236,183,10.72,-1.248,-1.215,-1.294,0.03,-0.94,-0.936,-0.969,0.011,-0.446,-0.406,-0.447,0.005,15.66,14709.67,333.9,0.135,334.2,333.5,-63.27,0.129,-63.01,-63.58,16.16,14400.73
2024-07-05 01:10:00,12094,2,2024,187,69,13.2,17.47,17.58,17.36,0.054,0.734,0.862,0.625,0.071,949,949,948.0,0.028,0,0.948,1.35,0.66,0.175,218,241,193,9.64,-1.185,-1.137,-1.215,0.032,-0.914,-0.869,-0.936,0.023,-0.44,-0.406,-0.447,0.014,15.68,14694.09,334.0,0.101,334.2,333.8,-63.3,0.103,-63.07,-63.52,16.16,14397.49
2024-07-05 01:11:00,12095,2,2024,187,70,13.23,17.16,17.38,17.04,0.088,0.682,0.785,0.625,0.034,949,949,948.0,0.027,0,0.654,1.28,0.34,0.191,216.6,239,183,12.64,-1.106,-1.059,-1.137,0.026,-0.873,-0.869,-0.902,0.011,-0.445,-0.406,-0.487,0.016,15.67,14699.94,333.6,0.382,334.3,333.0,-63.64,0.353,-63.04,-64.12,16.16,14400.34
2024-07-05 01:12:00,12096,2,2024,187,71,13.23,17.07,17.21,16.94,0.085,0.748,0.855,0.622,0.069,949,949,948.0,0.025,0,0.712,1.16,0.37,0.202,210.4,233,178,12.74,-1.065,-1.059,-1.098,0.015,-0.87,-0.869,-0.902,0.004,-0.446,-0.406,-0.487,0.012,15.67,14703.18,333.2,0.28,333.6,332.7,-64.06,0.232,-63.72,-64.51,16.16,14400.34
2024-07-05 01:13:00,12097,2,2024,187,72,13.24,17.16,17.28,17.03,0.078,0.67,0.739,0.622,0.02,949,949,948.0,0.023,0,0.674,1,0.29,0.168,213.1,238,171,12.68,-1.053,-1.019,-1.098,0.016,-0.873,-0.836,-0.902,0.013,-0.411,-0.365,-0.447,0.017,15.64,14717.27,332.7,0.179,333.0,332.4,-64.49,0.226,-64.12,-64.85,16.18,14386.05
2024-07-05 01:14:00,12098,2,2024,187,73,13.23,17.26,17.35,17.14,0.048,0.759,0.852,0.629,0.06,949,949,948.0,0.023,0,0.604,0.93,0.31,0.145,209.9,236,187,11.31,-1.048,-1.019,-1.059,0.018,-0.888,-0.869,-0.936,0.023,-0.422,-0.365,-0.447,0.021,15.64,14721.17,332.7,0.094,332.8,332.4,-64.74,0.056,-64.63,-64.85,16.16,14397.09
2024-07-05 01:15:00,12099,2,2024,187,74,13.24,17.07,17.25,16.94,0.088,0.663,0.685,0.619,0.013,949,949,948.0,0.022,0,0.603,0.91,0.4,0.113,218.5,247,187,13.77,-1.057,-1.019,-1.098,0.014,-0.937,-0.902,-0.969,0.015,-0.396,-0.365,-0.406,0.018,15.63,14726.37,332.4,0.103,332.6,332.2,-64.82,0.137,-64.6,-65.05,16.15,14404.24
2024-07-05 01:16:00,12100,2,2024,187,75,13.24,17.01,17.1,16.92,0.038,0.763,0.845,0.669,0.052,948,949,948.0,0.033,0,0.69,0.89,0.55,0.073,235.2,247,217,7.322,-1.08,-1.059,-1.137,0.028,-0.945,-0.936,-1.003,0.016,-0.392,-0.365,-0.447,0.028,15.64,14717.27,332.5,0.155,332.7,332.2,-64.88,0.174,-64.65,-65.22,16.18,14387.1
2024-07-05 01:17:00,12101,2,2024,187,76,13.23,16.96,17.08,16.85,0.054,0.663,0.775,0.622,0.019,949,949,948.0,0.04,0,0.616,0.94,0.24,0.147,233.1,268,190,16.04,-1.198,-1.137,-1.255,0.036,-0.983,-0.936,-1.003,0.02,-0.434,-0.365,-0.487,0.022,15.65,14714.21,332.2,0.227,332.6,331.7,-65.07,0.184,-64.82,-65.45,16.15,14405.15
2024-07-05 01:18:00,12102,2,2024,187,77,13.23,16.79,17.05,16.59,0.154,0.761,0.848,0.659,0.055,949,949,948.0,0.028,0,0.475,0.85,0.27,0.14,228,257,196,18.18,-1.291,-1.255,-1.372,0.029,-1.046,-0.969,-1.069,0.028,-0.484,-0.447,-0.528,0.025,15.61,14735.46,331.8,0.199,332.2,331.5,-65.51,0.14,-65.28,-65.73,16.18,14383.86
2024-07-05 01:19:00,12103,2,2024,187,78,13.24,16.54,16.65,16.44,0.046,0.736,0.802,0.632,0.047,949,949,948.0,0.039,0,0.841,1.09,0.53,0.133,229.1,244,200,9.66,-1.376,-1.294,-1.451,0.029,-1.083,-1.069,-1.136,0.017,-0.458,-0.447,-0.487,0.018,15.63,14725.9,332.2,0.088,332.4,332.0,-65.13,0.122,-64.97,-65.33,16.15,14402.55
2024-07-05 01:20:00,12104,2,2024,187,79,13.23,16.63,17.1,16.39,0.211,0.806,0.852,0.745,0.025,949,949,948.0,0.04,0,1.06,1.3,0.89,0.095,237.7,249,227,4.661,-1.436,-1.372,-1.451,0.02,-1.106,-1.069,-1.136,0.025,-0.442,-0.406,-0.487,0.015,15.58,14756.73,332.4,0.106,332.6,332.2,-64.86,0.115,-64.68,-65.16,16.19,14379.31
2024-07-05 01:21:00,12105,2,2024,187,80,13.2,17.19,17.29,17.06,0.045,0.672,0.742,0.619,0.025,949,949,948.0,0.03,0,1.072,1.31,0.82,0.109,235.5,247,226,4.522,-1.447,-1.412,-1.451,0.011,-1.067,-1.036,-1.069,0.008,-0.488,-0.447,-0.528,0.03,15.64,14718.11,332.4,0.13,332.6,332.1,-64.95,0.143,-64.71,-65.25,16.16,14400.99
2024-07-05 01:22:00,12106,2,2024,187,81,13.23,17.29,17.34,17.23,0.027,0.742,0.852,0.625,0.069,949,949,948.0,0.036,0,0.615,1.16,0.24,0.205,233.6,248,187,12.65,-1.437,-1.412,-1.451,0.019,-1.006,-0.969,-1.036,0.022,-0.561,-0.487,-0.609,0.032,15.62,14734.81,332.1,0.105,332.4,331.8,-65.18,0.156,-64.97,-65.56,16.19,14379.96
2024-07-05 01:23:00,12107,2,2024,187,82,13.2,17.15,17.29,16.89,0.12,0.685,0.785,0.619,0.039,948,949,948.0,0.034,0,0.427,0.98,0.17,0.203,224.7,267,193,19.84,-1.437,-1.372,-1.451,0.02,-0.998,-0.969,-1.036,0.013,-0.599,-0.568,-0.609,0.018,15.64,14716.63,332.1,0.21,332.5,331.7,-65.22,0.248,-64.82,-65.7,16.17,14391.9
2024-07-05 01:24:00,12108,2,2024,187,83,13.24,16.95,17.16,16.82,0.091,0.722,0.848,0.622,0.068,949,949,948.0,0.027,0,0.755,1.09,0.47,0.184,214.1,243,192,10.95,-1.451,-1.412,-1.49,0.011,-1.049,-1.003,-1.069,0.024,-0.532,-0.487,-0.609,0.027,15.61,14738.71,332.6,0.286,333.0,332.0,-64.6,0.25,-64.32,-65.16,16.19,14381.26
2024-07-05 01:25:00,12109,2,2024,187,84,13.2,17.13,17.27,16.9,0.105,0.704,0.842,0.619,0.056,949,949,948.0,0.024,0,0.597,1.02,0.38,0.127,203.9,242,174,12.75,-1.421,-1.372,-1.451,0.026,-1.068,-1.036,-1.069,0.006,-0.487,-0.447,-0.528,0.017,15.63,14727.84,332.9,0.201,333.2,332.5,-64.44,0.203,-64.06,-64.82,16.17,14391.0
2024-07-05 01:26:00,12110,2,2024,187,85,13.24,16.6,16.9,16.28,0.212,0.703,0.832,0.622,0.056,949,949,948.0,0.02,0,0.407,0.53,0.28,0.061,223.8,243,193,10.76,-1.363,-1.333,-1.412,0.018,-1.07,-1.036,-1.103,0.01,-0.461,-0.406,-0.487,0.021,15.58,14756.89,332.3,0.24,332.9,331.9,-64.89,0.231,-64.37,-65.39,16.17,14391.25
2024-07-05 01:27:00,12111,2,2024,187,86,13.2,16.09,16.29,15.77,0.118,0.725,0.852,0.625,0.068,949,949,948.0,0.037,0,0.434,0.74,0.21,0.107,241.5,265,222,10.4,-1.404,-1.333,-1.451,0.038,-1.138,-1.069,-1.203,0.03,-0.44,-0.406,-0.487,0.023,15.6,14747.31,332.4,0.21,332.8,331.8,-64.9,0.212,-64.4,-65.42,16.15,14402.29
2024-07-05 01:28:00,12112,2,2024,187,87,13.24,15.45,15.77,15.32,0.12,0.683,0.785,0.619,0.039,949,949,948.0,0.022,0,0.521,0.91,0.32,0.123,237.7,256,213,9.72,-1.506,-1.451,-1.568,0.037,-1.242,-1.17,-1.303,0.034,-0.38,-0.325,-0.447,0.033,15.52,14792.1,332.2,0.261,332.8,331.7,-64.83,0.308,-64.26,-65.53,16.13,14414.36
2024-07-05 01:29:00,12113,2,2024,187,88,13.22,15.78,16.03,15.45,0.198,0.74,0.848,0.619,0.069,949,949,948.0,0.031,0,0.461,0.65,0.31,0.077,234.3,254,209,11.91,-1.589,-1.529,-1.608,0.026,-1.326,-1.27,-1.337,0.019,-0.295,-0.284,-0.365,0.019,15.5,14808.32,332.8,0.222,333.2,332.3,-64.29,0.206,-63.86,-64.65,16.1,14433.18
2024-07-05 01:30:00,12114,2,2024,187,89,13.24,15.91,15.99,15.85,0.031,0.669,0.732,0.619,0.022,949,949,948.0,0.026,0,0.657,0.82,0.48,0.083,240.2,256,223,5.168,-1.645,-1.608,-1.686,0.032,-1.365,-1.337,-1.404,0.025,-0.324,-0.284,-0.365,0.024,15.47,14824.55,332.7,0.222,333.0,332.2,-64.11,0.209,-63.67,-64.54,16.07,14455.54
2024-07-05 01:31:00,12115,2,2024,187,90,13.24,16.38,16.64,15.98,0.221,0.753,0.855,0.655,0.062,948,949,948.0,0.034,0,0.694,0.95,0.44,0.108,234.3,247,202,9.13,-1.697,-1.647,-1.764,0.022,-1.39,-1.337,-1.404,0.017,-0.35,-0.284,-0.365,0.021,15.44,14844.46,333.2,0.155,333.6,332.9,-63.6,0.137,-63.35,-63.84,16.09,14439.67
2024-07-05 01:32:00,12116,2,2024,187,91,13.24,16.29,16.59,16.08,0.15,0.662,0.705,0.619,0.015,948,949,948.0,0.041,0,0.515,0.87,0.17,0.128,235.1,260,209,10.04,-1.723,-1.686,-1.764,0.027,-1.368,-1.337,-1.404,0.018,-0.386,-0.365,-0.447,0.022,15.44,14847.27,332.8,0.205,333.3,332.4,-63.81,0.226,-63.24,-64.12,16.01,14488.33
2024-07-05 01:33:00,12117,2,2024,187,92,13.24,16.16,16.23,16.06,0.038,0.76,0.848,0.642,0.055,948,949,948.0,0.034,0,0.478,0.84,0.29,0.126,238.4,263,203,11.55,-1.733,-1.686,-1.764,0.022,-1.351,-1.337,-1.404,0.018,-0.416,-0.365,-0.447,0.027,15.4,14873.14,332.7,0.244,333.3,332.3,-63.87,0.246,-63.24,-64.26,16.03,14476.02
2024-07-05 01:34:00,12118,2,2024,187,93,13.24,16.05,16.22,15.93,0.062,0.66,0.675,0.619,0.012,948,949,948.0,0.038,0,0.539,0.84,0.24,0.117,237.3,253,218,8,-1.752,-1.725,-1.764,0.018,-1.349,-1.337,-1.37,0.016,-0.436,-0.406,-0.487,0.02,15.41,14862.19,332.9,0.169,333.2,332.6,-63.58,0.194,-63.3,-63.95,15.99,14505.23
2024-07-05 01:35:00,12119,2,2024,187,94,13.24,16.11,16.22,16.03,0.043,0.762,0.852,0.635,0.052,948,949,948.0,0.033,0,0.583,0.78,0.37,0.081,234.4,246,219,7.154,-1.743,-1.725,-1.764,0.02,-1.34,-1.337,-1.37,0.01,-0.463,-0.447,-0.487,0.02,15.37,14888.66,333.2,0.231,333.5,332.8,-63.24,0.209,-62.85,-63.64,16.01,14491.59
2024-07-05 01:36:00,12120,2,2024,187,95,13.24,16.2,16.29,16.1,0.043,0.661,0.682,0.619,0.013,948,949,948.0,0.038,0,0.623,0.97,0.4,0.103,227.5,244,205,9.32,-1.751,-1.725,-1.764,0.018,-1.339,-1.303,-1.37,0.013,-0.461,-0.447,-0.487,0.019,15.38,14883.61,333.5,0.175,333.8,333.2,-62.74,0.223,-62.37,-63.16,15.96,14523.43
2024-07-05 01:37:00,12121,2,2024,187,96,13.24,16.21,16.28,16.12,0.038,0.754,0.842,0.635,0.061,948,949,948.0,0.037,0,0.622,0.9,0.47,0.083,222.7,240,211,6.562,-1.736,-1.686,-1.764,0.022,-1.335,-1.303,-1.337,0.008,-0.454,-0.447,-0.487,0.016,15.32,14919.85,334.1,0.317,334.7,333.7,-62.06,0.25,-61.6,-62.39,15.99,14503.28
2024-07-05 01:38:00,12122,2,2024,187,97,13.24,16.18,16.29,16.07,0.065,0.668,0.735,0.622,0.023,948,948,948.0,0.023,0,0.766,0.92,0.55,0.099,226.8,245,215,6.541,-1.698,-1.647,-1.764,0.022,-1.304,-1.237,-1.337,0.028,-0.442,-0.406,-0.447,0.013,15.34,14907.56,334.9,0.177,335.2,334.4,-61.27,0.214,-60.87,-61.74,15.94,14533.48
2024-07-05 01:39:00,12123,2,2024,187,98,13.24,16.05,16.12,15.95,0.036,0.745,0.852,0.622,0.067,948,948,948.0,0.026,0,0.564,0.8,0.33,0.109,237.9,261,214,9.27,-1.638,-1.608,-1.686,0.031,-1.243,-1.203,-1.27,0.027,-0.445,-0.406,-0.487,0.013,15.31,14927.7,335.1,0.161,335.5,334.8,-61.0,0.152,-60.64,-61.26,15.97,14517.56
2024-07-05 01:40:00,12124,2,2024,187,99,13.2,15.89,16.11,15.57,0.175,0.679,0.765,0.619,0.034,948,948,948.0,0.028,0,0.377,0.64,0.19,0.105,231.8,258,203,11.42,-1.61,-1.608,-1.647,0.01,-1.216,-1.203,-1.237,0.016,-0.447,-0.447,-0.447,0.0,15.33,14913.47,334.9,0.357,335.7,334.4,-61.16,0.293,-60.59,-61.49,15.91,14550.36
2024-07-05 01:41:00,12125,2,2024,187,100,13.21,15.61,15.69,15.53,0.039,0.725,0.852,0.619,0.069,948,949,948.0,0.038,0,0.467,0.68,0.32,0.083,225.7,242,202,6.986,-1.615,-1.608,-1.647,0.016,-1.245,-1.203,-1.27,0.026,-0.44,-0.406,-0.487,0.018,15.27,14951.08,334.9,0.193,335.3,334.4,-61.0,0.203,-60.64,-61.46,15.94,14535.73
2024-07-05 01:42:00,12126,2,2024,187,101,13.2,15.69,15.8,15.51,0.084,0.694,0.818,0.619,0.053,948,948,948.0,0.028,0,0.587,0.78,0.38,0.094,236.3,246,215,6.82,-1.645,-1.608,-1.686,0.026,-1.273,-1.237,-1.303,0.013,-0.399,-0.365,-0.447,0.03,15.29,14942.67,334.9,0.175,335.3,334.6,-61.02,0.115,-60.81,-61.18,15.89,14562.34
2024-07-05 01:43:00,12127,2,2024,187,102,13.24,15.66,15.91,15.45,0.125,0.706,0.845,0.629,0.06,948,948,948.0,0.028,0,0.637,0.96,0.45,0.119,237.6,249,220,6.28,-1.681,-1.647,-1.725,0.015,-1.311,-1.27,-1.337,0.025,-0.368,-0.325,-0.406,0.013,15.24,14971.86,334.8,0.141,335.1,334.5,-60.84,0.122,-60.61,-61.04,15.89,14563.64
2024-07-05 01:44:00,12128,2,2024,187,103,13.2,16.15,16.3,15.9,0.117,0.717,0.842,0.622,0.063,948,948,948.0,0.031,0,0.619,0.8,0.39,0.078,228.4,246,206,9.86,-1.687,-1.686,-1.725,0.005,-1.301,-1.27,-1.337,0.023,-0.381,-0.365,-0.447,0.026,15.25,14968.63,335.4,0.118,335.6,335.2,-60.28,0.159,-59.94,-60.56,15.85,14588.3
2024-07-05 01:45:00,12129,2,2024,187,104,13.24,16.04,16.2,15.89,0.082,0.69,0.805,0.622,0.042,948,948,948.0,0.027,0,0.594,0.98,0.26,0.161,227.5,256,208,9.37,-1.649,-1.608,-1.686,0.031,-1.267,-1.203,-1.303,0.017,-0.422,-0.365,-0.447,0.024,15.22,14984.21,335.3,0.205,335.7,334.9,-60.2,0.17,-59.88,-60.53,15.85,14588.95
2024-07-05 01:46:00,12130,2,2024,187,105,13.21,15.78,15.91,15.68,0.052,0.74,0.855,0.642,0.071,948,948,948.0,0.021,0,0.571,0.82,0.33,0.119,222.4,247,205,8.86,-1.612,-1.608,-1.647,0.013,-1.245,-1.203,-1.27,0.021,-0.426,-0.406,-0.447,0.02,15.2,14996.54,335.4,0.143,335.7,335.1,-60.02,0.166,-59.65,-60.39,15.79,14625.05
2024-07-05 01:47:00,12131,2,2024,187,106,13.24,15.69,15.88,15.55,0.084,0.677,0.768,0.622,0.03,948,948,948.0,0.025,0,0.604,0.8,0.45,0.093,217.8,233,193,8.18,-1.596,-1.529,-1.608,0.019,-1.224,-1.203,-1.27,0.018,-0.395,-0.365,-0.447,0.019,15.19,15006.93,335.5,0.118,335.8,335.3,-59.74,0.101,-59.57,-59.94,15.82,14607.52
2024-07-05 01:48:00,12132,2,2024,187,107,13.24,15.9,16.0,15.8,0.047,0.753,0.855,0.622,0.067,948,948,948.0,0.022,0,0.52,0.83,0.26,0.138,220.8,240,192,9.16,-1.536,-1.529,-1.568,0.015,-1.206,-1.203,-1.237,0.009,-0.404,-0.365,-0.447,0.023,15.17,15014.71,335.5,0.187,335.9,335.2,-59.9,0.145,-59.6,-60.13,15.8,14622.05
2024-07-05 01:49:00,12133,2,2024,187,108,13.24,15.58,15.82,15.44,0.095,0.667,0.715,0.622,0.015,948,948,948.0,0.029,0,0.462,0.65,0.33,0.071,229.1,247,213,8.39,-1.559,-1.529,-1.608,0.031,-1.23,-1.203,-1.27,0.027,-0.397,-0.365,-0.447,0.025,15.12,15046.55,335.3,0.096,335.6,335.1,-59.84,0.106,-59.6,-59.99,15.76,14645.83
2024-07-05 01:50:00,12134,2,2024,187,109,13.24,15.52,15.57,15.46,0.022,0.763,0.865,0.662,0.059,948,948,948.0,0.03,0,0.464,0.55,0.31,0.048,236.3,249,217,6.543,-1.617,-1.568,-1.647,0.018,-1.301,-1.27,-1.337,0.029,-0.371,-0.365,-0.406,0.014,15.13,15045.25,335.5,0.175,336.0,335.2,-59.62,0.154,-59.23,-59.85,15.76,14648.01
2024-07-05 01:51:00,12135,2,2024,187,110,13.24,15.32,15.54,15.19,0.09,0.661,0.675,0.619,0.014,948,949,948.0,0.033,0,0.344,0.49,0.17,0.079,203.3,235,171,16.67,-1.691,-1.647,-1.725,0.019,-1.364,-1.337,-1.404,0.026,-0.364,-0.325,-0.406,0.013,15.1,15060.8,335.1,0.207,335.5,334.7,-59.79,0.14,-59.57,-60.02,15.71,14678.96
2024-07-05 01:52:00,12136,2,2024,187,111,13.25,15.28,15.35,15.19,0.031,0.765,0.855,0.645,0.051,948,948,948.0,0.033,0,0.366,0.56,0.2,0.082,192.3,218,166,11.05,-1.744,-1.686,-1.764,0.022,-1.443,-1.404,-1.471,0.029,-0.362,-0.325,-0.365,0.011,15.05,15094.61,334.8,0.105,335.0,334.5,-60.0,0.079,-59.88,-60.13,15.68,14692.59
2024-07-05 01:53:00,12137,2,2024,187,112,13.25,15.18,15.28,15.11,0.043,0.742,0.805,0.629,0.049,948,948,948.0,0.03,0,0.564,0.69,0.32,0.096,188.8,208,163,7.585,-1.802,-1.764,-1.843,0.029,-1.517,-1.471,-1.571,0.029,-0.359,-0.325,-0.365,0.014,15.05,15096.49,334.4,0.137,334.7,334.1,-60.2,0.09,-60.05,-60.39,15.64,14717.92
2024-07-05 01:54:00,12138,2,2024,187,113,13.24,15.38,15.57,15.18,0.079,0.804,0.852,0.732,0.03,948,949,948.0,0.04,0,0.546,0.69,0.39,0.063,191.9,217,174,12.19,-1.843,-1.804,-1.882,0.01,-1.595,-1.537,-1.604,0.018,-0.352,-0.325,-0.365,0.019,14.99,15130.98,334.5,0.346,335.2,334.0,-59.92,0.311,-59.29,-60.3,15.63,14723.3
2024-07-05 01:55:00,12139,2,2024,187,114,13.25,15.58,15.69,15.49,0.055,0.665,0.712,0.619,0.017,948,949,948.0,0.029,0,0.535,0.64,0.45,0.04,212.3,222,194,5.687,-1.811,-1.764,-1.843,0.035,-1.598,-1.537,-1.604,0.017,-0.35,-0.325,-0.365,0.02,15.0,15128.95,335.1,0.083,335.2,334.9,-59.17,0.096,-59.0,-59.37,15.59,14748.61
2024-07-05 01:56:00,12140,2,2024,187,115,13.24,15.9,16.21,15.64,0.121,0.752,0.858,0.659,0.066,948,948,948.0,0.032,0,0.476,0.6,0.25,0.068,218.6,243,198,10.46,-1.677,-1.608,-1.764,0.049,-1.512,-1.437,-1.604,0.034,-0.347,-0.284,-0.365,0.022,14.95,15159.0,335.0,0.123,335.3,334.8,-59.03,0.068,-58.95,-59.17,15.62,14730.44
2024-07-05 01:57:00,12141,2,2024,187,116,13.21,16.42,16.54,16.15,0.078,0.678,0.765,0.619,0.031,948,948,948.0,0.028,0,0.356,0.52,0.25,0.057,194.7,239,146,24.43,-1.525,-1.451,-1.608,0.048,-1.389,-1.303,-1.471,0.042,-0.376,-0.325,-0.406,0.019,14.97,15144.52,334.8,0.213,335.1,334.3,-59.23,0.155,-59.03,-59.54,15.55,14778.32
2024-07-05 01:58:00,12142,2,2024,187,117,13.24,16.51,16.58,16.42,0.036,0.737,0.855,0.622,0.071,948,948,948.0,0.025,0,0.393,0.51,0.28,0.06,191.2,222,129,18.49,-1.37,-1.294,-1.451,0.051,-1.264,-1.203,-1.337,0.037,-0.405,-0.365,-0.447,0.023,14.92,15175.14,334.3,0.14,334.6,334.1,-59.6,0.076,-59.46,-59.71,15.57,14765.49
2024-07-05 01:59:00,12143,2,2024,187,118,13.21,16.58,16.68,16.45,0.052,0.693,0.822,0.625,0.046,948,949,948.0,0.036,0,0.505,0.65,0.32,0.075,184.9,225,164,14.12,-1.255,-1.215,-1.333,0.035,-1.178,-1.136,-1.203,0.025,-0.409,-0.365,-0.447,0.024,14.95,15158.15,334.4,0.073,334.6,334.3,-59.52,0.05,-59.37,-59.57,15.52,14791.96
2024-07-05 02:00:00,12144,2,2024,187,119,13.25,16.45,16.51,16.35,0.036,0.717,0.858,0.625,0.064,948,949,948.0,0.036,0,0.483,0.58,0.32,0.063,182.2,196,155,11.19,-1.191,-1.098,-1.215,0.026,-1.118,-1.07,-1.17,0.021,-0.399,-0.365,-0.406,0.015,14.91,15181.63,334.6,0.157,335.0,334.4,-59.16,0.118,-58.92,-59.37,15.54,14780.27
2024-07-05 02:01:00,12145,2,2024,187,120,13.21,16.41,16.51,16.22,0.058,0.714,0.848,0.622,0.064,948,948,948.0,0.024,0,0.725,0.87,0.38,0.13,189.5,198,179,3.744,-1.12,-1.059,-1.176,0.028,-1.075,-1.07,-1.103,0.012,-0.388,-0.365,-0.406,0.02,14.92,15178.92,335.0,0.05,335.1,334.9,-58.8,0.089,-58.61,-58.95,15.52,14797.94
2024-07-05 02:02:00,12146,2,2024,187,121,13.24,16.17,16.29,16.08,0.055,0.698,0.812,0.622,0.048,948,948,948.0,0.028,0,0.801,0.88,0.71,0.037,186.4,193,181,2.984,-1.074,-1.059,-1.137,0.02,-1.056,-1.003,-1.07,0.019,-0.376,-0.365,-0.406,0.018,14.9,15191.9,335.3,0.125,335.6,335.0,-58.38,0.141,-58.07,-58.61,15.52,14797.94
2024-07-05 02:03:00,12147,2,2024,187,122,13.21,16.14,16.24,16.01,0.055,0.735,0.858,0.629,0.071,948,948,948.0,0.027,0,0.824,0.95,0.69,0.058,190,198,182,3.766,-1.055,-1.019,-1.098,0.013,-1.028,-1.003,-1.07,0.02,-0.374,-0.365,-0.406,0.017,14.9,15191.25,336.2,0.349,336.7,335.7,-57.47,0.394,-56.86,-58.04,15.49,14812.22
2024-07-05 02:04:00,12148,2,2024,187,123,13.25,16.12,16.19,16.03,0.035,0.681,0.788,0.619,0.036,948,948,948.0,0.037,0,0.985,1.17,0.77,0.075,198.7,217,190,5.247,-1.027,-0.98,-1.059,0.027,-0.993,-0.936,-1.036,0.019,-0.363,-0.325,-0.406,0.014,14.89,15199.82,337.3,0.322,338.0,336.8,-56.23,0.368,-55.61,-56.8,15.49,14810.79
2024-07-05 02:05:00,12149,2,2024,187,124,13.24,16.28,16.41,16.16,0.078,0.75,0.858,0.622,0.069,948,948,948.0,0.024,0,0.874,1.2,0.54,0.165,203.2,223,190,9.01,-0.97,-0.902,-1.019,0.025,-0.951,-0.936,-1.003,0.021,-0.363,-0.325,-0.365,0.01,14.88,15200.99,338.5,0.298,338.9,337.9,-55.16,0.3,-54.68,-55.61,15.48,14820.01
2024-07-05 02:06:00,12150,2,2024,187,125,13.25,16.14,16.33,16.04,0.079,0.671,0.735,0.622,0.019,948,948,948.0,0.025,0,0.799,1.06,0.53,0.147,192.5,217,173,8.51,-0.919,-0.902,-0.98,0.021,-0.916,-0.869,-0.936,0.021,-0.368,-0.365,-0.406,0.01,14.87,15207.48,339.1,0.146,339.4,338.9,-54.34,0.19,-54.06,-54.62,15.46,14830.28
2024-07-05 02:07:00,12151,2,2024,187,126,13.25,16.12,16.21,16.04,0.05,0.761,0.848,0.619,0.06,948,948,948.0,0.023,0,0.775,1.01,0.41,0.147,194.7,222,173,10.41,-0.914,-0.863,-0.941,0.023,-0.902,-0.869,-0.936,0.01,-0.353,-0.325,-0.406,0.02,14.86,15214.62,339.6,0.115,339.8,339.3,-53.95,0.078,-53.8,-54.12,15.48,14820.13
2024-07-05 02:08:00,12152,2,2024,187,127,13.25,16.05,16.2,15.95,0.058,0.665,0.699,0.622,0.013,948,948,948.0,0.025,0,0.454,0.67,0.27,0.105,203.4,227,172,14.68,-0.938,-0.902,-0.98,0.026,-0.916,-0.869,-0.936,0.018,-0.346,-0.325,-0.365,0.02,14.88,15204.88,339.8,0.136,340.0,339.5,-53.64,0.187,-53.38,-53.92,15.45,14836.12
2024-07-05 02:09:00,12153,2,2024,187,128,13.25,16.09,16.23,15.93,0.079,0.766,0.855,0.665,0.055,948,948,948.0,0.035,0,0.205,0.44,0.01,0.108,NAN,NAN,NAN,NAN,-0.978,-0.941,-1.019,0.017,-0.946,-0.936,-0.969,0.016,-0.334,-0.284,-0.365,0.02,14.82,15240.08,340.0,0.12,340.2,339.7,-53.45,0.13,-53.27,-53.72,15.46,14830.39
2024-07-05 02:10:00,12154,2,2024,187,129,13.25,15.79,16.21,15.24,0.279,0.663,0.682,0.622,0.014,948,948,948.0,0.027,0,0.266,0.52,0.03,0.152,NAN,NAN,NAN,NAN,-1.037,-0.98,-1.098,0.037,-0.969,-0.936,-1.003,0.017,-0.347,-0.325,-0.406,0.024,14.84,15230.05,339.5,0.285,340.0,339.1,-53.81,0.319,-53.15,-54.23,15.42,14856.26
2024-07-05 02:11:00,12155,2,2024,187,130,13.25,14.98,15.22,14.86,0.1,0.765,0.855,0.665,0.055,948,948,948.0,0.031,0,0.498,0.59,0.36,0.051,235.6,256,221,7.479,-1.142,-1.098,-1.215,0.043,-1.041,-0.969,-1.07,0.03,-0.321,-0.244,-0.365,0.021,14.76,15282.48,340.1,0.343,340.7,339.7,-53.18,0.316,-52.65,-53.61,15.45,14840.88
2024-07-05 02:12:00,12156,2,2024,187,131,13.25,14.92,15.0,14.8,0.054,0.666,0.715,0.625,0.014,948,948,948.0,0.035,0,0.48,0.57,0.36,0.049,237.2,251,220,5.793,-1.244,-1.215,-1.294,0.031,-1.09,-1.07,-1.136,0.021,-0.257,-0.203,-0.325,0.027,14.81,15250.15,341.1,0.371,341.7,340.5,-52.1,0.386,-51.52,-52.73,15.4,14872.49
2024-07-05 02:13:00,12157,2,2024,187,132,13.25,14.94,15.14,14.84,0.085,0.76,0.862,0.662,0.066,948,948,948.0,0.03,0,0.52,0.66,0.34,0.062,235,246,219,5.61,-1.314,-1.294,-1.372,0.021,-1.134,-1.103,-1.17,0.014,-0.23,-0.203,-0.284,0.022,14.75,15284.9,342.0,0.286,342.4,341.4,-51.13,0.222,-50.84,-51.54,15.41,14863.49
2024-07-05 02:14:00,12158,2,2024,187,133,13.21,15.2,15.29,15.08,0.054,0.676,0.752,0.622,0.026,948,948,948.0,0.031,0,0.386,0.6,0.23,0.105,234.9,256,207,10.89,-1.361,-1.333,-1.412,0.019,-1.125,-1.103,-1.136,0.016,-0.294,-0.244,-0.325,0.024,14.77,15275.63,342.3,0.091,342.5,342.0,-50.81,0.044,-50.72,-50.89,15.36,14895.22
2024-07-05 02:15:00,12159,2,2024,187,134,13.21,15.25,15.37,15.17,0.046,0.747,0.855,0.629,0.071,948,948,948.0,0.033,0,0.296,0.42,0.2,0.053,236.5,253,203,11.29,-1.356,-1.333,-1.412,0.023,-1.102,-1.07,-1.103,0.004,-0.338,-0.325,-0.365,0.019,14.74,15297.24,342.1,0.208,342.6,341.8,-50.76,0.162,-50.41,-50.95,15.39,14877.77
2024-07-05 02:16:00,12160,2,2024,187,135,13.21,15.41,15.56,15.23,0.088,0.689,0.805,0.622,0.041,948,948,948.0,0.033,0,0.301,0.44,0.19,0.051,234.1,269,203,15.98,-1.349,-1.333,-1.372,0.019,-1.087,-1.07,-1.103,0.017,-0.366,-0.325,-0.406,0.02,14.76,15282.77,342.4,0.128,342.7,342.2,-50.51,0.135,-50.33,-50.78,15.35,14903.08
2024-07-05 02:17:00,12161,2,2024,187,136,13.25,15.23,15.31,15.13,0.036,0.729,0.865,0.625,0.07,948,948,948.0,0.027,0,0.101,0.29,0.01,0.069,NAN,NAN,NAN,NAN,-1.346,-1.333,-1.372,0.018,-1.084,-1.07,-1.103,0.017,-0.384,-0.325,-0.406,0.026,14.71,15315.42,341.7,0.29,342.3,341.3,-51.06,0.299,-50.5,-51.52,15.37,14888.88
2024-07-05 02:18:00,12162,2,2024,187,137,13.21,15.27,15.37,15.11,0.078,0.707,0.838,0.625,0.058,948,948,948.0,0.033,0,0.579,0.81,0.23,0.169,299.7,359,0,117.3,-1.348,-1.333,-1.412,0.02,-1.098,-1.07,-1.103,0.012,-0.377,-0.325,-0.406,0.021,14.72,15308.08,340.7,0.346,341.4,340.3,-52.11,0.276,-51.52,-52.36,15.32,14921.25
2024-07-05 02:19:00,12163,2,2024,187,138,13.25,15.12,15.19,15.04,0.036,0.708,0.852,0.642,0.059,948,948,948.0,0.031,0,1.102,1.52,0.77,0.22,52.75,359,0,119.7,-1.336,-1.294,-1.412,0.026,-1.085,-1.07,-1.103,0.017,-0.339,-0.325,-0.406,0.021,14.7,15323.65,339.3,0.85,340.6,337.7,-53.25,0.847,-52.19,-54.88,15.31,14925.15
2024-07-05 02:20:00,12164,2,2024,187,139,13.21,15.04,15.14,14.87,0.066,0.729,0.862,0.625,0.071,948,948,948.0,0.028,0,1.289,1.56,1.02,0.161,63.73,359,0,131.3,-1.307,-1.294,-1.372,0.02,-1.07,-1.07,-1.103,0.004,-0.361,-0.325,-0.365,0.012,14.69,15327.34,337.9,0.166,338.3,337.6,-54.56,0.284,-54.14,-54.96,15.25,14967.31
2024-07-05 02:21:00,12165,2,2024,187,140,13.25,14.68,14.88,14.47,0.113,0.691,0.798,0.629,0.042,948,948,948.0,0.035,0,1.205,1.38,1.01,0.088,26,359,0,76.66,-1.357,-1.294,-1.372,0.024,-1.096,-1.07,-1.136,0.03,-0.343,-0.284,-0.365,0.023,14.61,15376.88,337.1,0.598,338.2,336.4,-55.16,0.611,-54.14,-55.76,15.27,14952.41
2024-07-05 02:22:00,12166,2,2024,187,141,13.23,14.43,14.51,14.34,0.044,0.746,0.862,0.622,0.071,948,948,948.0,0.023,0,1.327,1.6,0.83,0.156,190.3,359,0,176,-1.442,-1.372,-1.529,0.041,-1.193,-1.136,-1.27,0.033,-0.292,-0.244,-0.365,0.024,14.56,15411.92,336.2,0.254,336.7,335.8,-56.08,0.163,-55.76,-56.41,15.22,14986.82
2024-07-05 02:23:00,12167,2,2024,187,142,13.25,14.25,14.34,14.19,0.036,0.677,0.762,0.622,0.027,948,948,948.0,0.034,0,1.294,1.72,0.66,0.284,337.5,357,315,12.81,-1.544,-1.451,-1.608,0.029,-1.285,-1.237,-1.337,0.031,-0.223,-0.162,-0.284,0.034,14.48,15464.15,336.0,0.264,336.5,335.6,-55.87,0.16,-55.61,-56.12,15.15,15032.26
2024-07-05 02:24:00,12168,2,2024,187,143,13.25,14.22,14.32,14.14,0.054,0.759,0.862,0.645,0.063,948,948,948.0,0.024,0,0.951,1.71,0.48,0.323,308.3,359,0,70.5,-1.621,-1.568,-1.686,0.028,-1.376,-1.304,-1.437,0.034,-0.189,-0.162,-0.203,0.019,14.45,15485.58,335.5,0.199,335.8,335.1,-56.23,0.125,-56.04,-56.43,15.13,15042.6
2024-07-05 02:25:00,12169,2,2024,187,144,13.26,14.1,14.25,14.02,0.052,0.665,0.712,0.619,0.017,948,948,948.0,0.029,0,0.813,1.18,0.29,0.19,324.9,358,4,43.49,-1.69,-1.647,-1.764,0.026,-1.458,-1.404,-1.504,0.023,-0.165,-0.122,-0.203,0.018,14.38,15533.94,335.2,0.094,335.5,335.1,-56.16,0.184,-55.7,-56.38,15.05,15095.26
2024-07-05 02:26:00,12170,2,2024,187,145,13.25,14.05,14.11,14.0,0.023,0.767,0.858,0.659,0.057,948,948,948.0,0.033,0,0.634,0.85,0.36,0.117,322.5,338,305,7.336,-1.745,-1.686,-1.804,0.025,-1.54,-1.471,-1.604,0.031,-0.189,-0.162,-0.203,0.019,14.3,15584.29,336.2,0.299,336.7,335.5,-55.02,0.306,-54.65,-55.67,15.04,15100.97
2024-07-05 02:27:00,12171,2,2024,187,146,13.25,13.9,14.07,13.79,0.066,0.759,0.812,0.672,0.041,948,948,948.0,0.029,0,0.549,0.79,0.19,0.12,327,356,2,44.35,-1.797,-1.725,-1.843,0.029,-1.605,-1.571,-1.638,0.014,-0.19,-0.162,-0.203,0.019,14.27,15605.98,336.6,0.17,337.0,336.3,-54.29,0.284,-53.89,-54.68,14.95,15156.95
2024-07-05 02:28:00,12172,2,2024,187,147,13.25,13.92,14.1,13.82,0.066,0.797,0.865,0.695,0.043,948,949,948.0,0.045,0,0.559,0.72,0.35,0.088,334.6,353,317,7.506,-1.836,-1.804,-1.843,0.015,-1.651,-1.604,-1.671,0.021,-0.202,-0.162,-0.244,0.012,14.19,15655.09,337.1,0.225,337.5,336.6,-53.6,0.219,-53.27,-53.92,14.95,15160.0
2024-07-05 02:29:00,12173,2,2024,187,148,13.25,13.99,14.12,13.89,0.073,0.663,0.692,0.619,0.014,948,949,948.0,0.03,0,0.441,0.62,0.14,0.106,334.6,357,0,44.61,-1.842,-1.804,-1.843,0.007,-1.673,-1.638,-1.705,0.011,-0.235,-0.203,-0.284,0.02,14.18,15663.75,336.9,0.136,337.3,336.7,-53.47,0.083,-53.35,-53.64,14.89,15199.17
2024-07-05 02:30:00,12174,2,2024,187,149,13.25,13.99,14.18,13.86,0.079,0.762,0.862,0.622,0.061,948,949,948.0,0.036,0,0.535,0.71,0.36,0.087,341.4,359,1,44.7,-1.839,-1.804,-1.843,0.012,-1.673,-1.671,-1.705,0.008,-0.275,-0.244,-0.284,0.017,14.11,15708.99,337.2,0.316,337.7,336.6,-52.92,0.276,-52.48,-53.38,14.84,15232.14
2024-07-05 02:31:00,12175,2,2024,187,150,13.25,14.23,14.3,14.13,0.038,0.67,0.725,0.622,0.019,948,948,948.0,0.025,0,0.569,0.73,0.41,0.065,59.6,359,0,124.4,-1.819,-1.764,-1.843,0.026,-1.661,-1.604,-1.671,0.019,-0.279,-0.244,-0.284,0.013,14.12,15703.53,337.3,0.226,337.6,336.9,-52.61,0.108,-52.45,-52.73,14.77,15274.33
2024-07-05 02:32:00,12176,2,2024,187,151,13.26,14.45,14.67,14.29,0.091,0.754,0.862,0.659,0.069,948,948,948.0,0.041,0,0.505,0.6,0.4,0.047,241.1,356,5,144.6,-1.751,-1.725,-1.804,0.025,-1.605,-1.571,-1.671,0.022,-0.288,-0.244,-0.325,0.021,14.05,15753.15,336.7,0.12,337.1,336.5,-52.9,0.114,-52.73,-53.1,14.76,15280.82
2024-07-05 02:33:00,12177,2,2024,187,152,13.22,14.66,14.75,14.57,0.056,0.678,0.769,0.625,0.031,948,948,948.0,0.027,0,0.732,0.91,0.46,0.11,318.8,328,306,5.551,-1.676,-1.647,-1.725,0.024,-1.532,-1.504,-1.604,0.029,-0.317,-0.284,-0.365,0.018,14.09,15724.76,336.6,0.072,336.8,336.5,-52.79,0.114,-52.65,-53.04,14.72,15309.58
2024-07-05 02:34:00,12178,2,2024,187,153,13.26,14.63,14.72,14.54,0.035,0.739,0.858,0.625,0.071,948,948,948.0,0.035,0,0.713,1.04,0.43,0.139,312.7,334,301,7.542,-1.604,-1.529,-1.647,0.021,-1.454,-1.404,-1.504,0.031,-0.315,-0.284,-0.365,0.027,14.01,15780.43,336.7,0.28,337.2,336.3,-52.49,0.222,-52.14,-52.79,14.7,15321.5
2024-07-05 02:35:00,12179,2,2024,187,154,13.22,14.87,14.96,14.73,0.052,0.696,0.818,0.622,0.05,948,948,948.0,0.034,0,0.603,0.81,0.38,0.099,307.2,323,297,5.732,-1.536,-1.49,-1.608,0.02,-1.369,-1.337,-1.404,0.031,-0.332,-0.284,-0.365,0.031,14.04,15758.67,337.6,0.204,338.0,337.2,-51.51,0.287,-51.04,-52.14,14.64,15360.65
2024-07-05 02:36:00,12180,2,2024,187,155,13.26,14.77,14.84,14.69,0.031,0.719,0.862,0.625,0.066,948,948,948.0,0.029,0,0.482,0.65,0.35,0.086,308.8,320,296,6.306,-1.463,-1.451,-1.529,0.021,-1.295,-1.27,-1.337,0.027,-0.343,-0.284,-0.365,0.022,13.99,15790.96,338.0,0.083,338.2,337.8,-50.87,0.063,-50.75,-51.01,14.62,15370.39
2024-07-05 02:37:00,12181,2,2024,187,156,13.22,14.95,15.07,14.73,0.087,0.715,0.852,0.622,0.065,948,948,948.0,0.024,0,0.446,0.58,0.26,0.072,316.6,326,287,6.078,-1.414,-1.372,-1.451,0.03,-1.253,-1.203,-1.27,0.023,-0.339,-0.284,-0.365,0.021,14.03,15768.24,338.1,0.131,338.5,337.9,-50.72,0.06,-50.61,-50.81,14.62,15372.33
2024-07-05 02:38:00,12182,2,2024,187,157,13.26,14.94,14.99,14.86,0.024,0.701,0.822,0.625,0.052,948,948,948.0,0.028,0,0.491,0.67,0.28,0.101,313.4,353,296,10.65,-1.367,-1.333,-1.412,0.015,-1.204,-1.17,-1.237,0.011,-0.344,-0.284,-0.365,0.022,13.97,15803.94,338.0,0.081,338.1,337.8,-50.62,0.031,-50.56,-50.67,14.57,15406.08
2024-07-05 02:39:00,12183,2,2024,187,158,13.22,14.97,15.06,14.88,0.047,0.734,0.862,0.622,0.071,948,948,948.0,0.027,0,0.445,0.65,0.15,0.123,305.8,332,292,9.3,-1.322,-1.294,-1.372,0.019,-1.174,-1.136,-1.203,0.016,-0.339,-0.325,-0.365,0.019,13.99,15794.34,338.3,0.166,338.6,338.0,-50.28,0.211,-49.96,-50.58,14.55,15420.09
2024-07-05 02:40:00,12184,2,2024,187,159,13.26,14.84,14.91,14.79,0.025,0.685,0.785,0.622,0.036,948,948,948.0,0.035,0,0.403,0.54,0.22,0.087,334.1,346,312,8.88,-1.296,-1.294,-1.333,0.009,-1.148,-1.136,-1.203,0.017,-0.342,-0.284,-0.365,0.024,13.96,15811.73,338.4,0.086,338.6,338.2,-49.98,0.047,-49.85,-50.08,14.53,15434.64
2024-07-05 02:41:00,12185,2,2024,187,160,13.26,15.01,15.21,14.81,0.131,0.751,0.862,0.622,0.07,948,948,948.0,0.028,0,0.459,0.59,0.27,0.09,325.3,347,292,13.26,-1.285,-1.216,-1.294,0.018,-1.133,-1.103,-1.136,0.01,-0.315,-0.284,-0.365,0.024,13.98,15800.69,338.9,0.17,339.1,338.5,-49.47,0.149,-49.28,-49.85,14.55,15418.14
2024-07-05 02:42:00,12186,2,2024,187,161,13.26,14.94,15.16,14.8,0.091,0.673,0.735,0.625,0.023,948,948,948.0,0.029,0,0.279,0.42,0.14,0.079,304.6,339,1,40.99,-1.254,-1.216,-1.294,0.026,-1.105,-1.07,-1.136,0.02,-0.326,-0.284,-0.365,0.026,13.96,15813.15,338.7,0.174,338.9,338.3,-49.48,0.094,-49.37,-49.68,14.46,15476.49
2024-07-05 02:43:00,12187,2,2024,187,162,13.26,14.91,15.05,14.77,0.087,0.761,0.862,0.622,0.063,948,948,948.0,0.023,0,0.39,0.62,0.18,0.131,279.7,345,6,97.9,-1.238,-1.216,-1.294,0.021,-1.095,-1.07,-1.136,0.02,-0.329,-0.284,-0.365,0.023,13.93,15832.5,338.4,0.053,338.5,338.2,-49.78,0.058,-49.68,-49.88,14.48,15464.2
2024-07-05 02:44:00,12188,2,2024,187,163,13.26,14.79,14.99,14.56,0.106,0.668,0.702,0.622,0.014,948,948,948.0,0.027,0,0.398,0.59,0.25,0.104,299.4,318,264,12.34,-1.231,-1.216,-1.294,0.023,-1.083,-1.07,-1.136,0.019,-0.327,-0.284,-0.365,0.026,13.93,15834.44,337.8,0.203,338.2,337.5,-50.21,0.138,-49.85,-50.33,14.43,15496.62
2024-07-05 02:45:00,12189,2,2024,187,164,13.26,14.59,14.71,14.48,0.054,0.771,0.858,0.675,0.052,948,948,948.0,0.027,0,0.406,0.64,0.06,0.131,277.3,332,65,38.5,-1.228,-1.216,-1.294,0.02,-1.09,-1.07,-1.136,0.018,-0.309,-0.284,-0.365,0.027,13.91,15844.18,337.8,0.139,338.0,337.5,-50.12,0.09,-49.96,-50.33,14.43,15496.3
2024-07-05 02:46:00,12190,2,2024,187,165,13.26,14.6,14.7,14.5,0.044,0.663,0.682,0.622,0.014,948,948,948.0,0.03,0,0.586,0.98,0.32,0.185,292.4,316,264,13.41,-1.24,-1.216,-1.294,0.023,-1.103,-1.07,-1.136,0.018,-0.295,-0.284,-0.325,0.018,13.93,15835.85,337.9,0.084,338.0,337.7,-49.89,0.049,-49.77,-49.99,14.39,15525.19
2024-07-05 02:47:00,12191,2,2024,187,166,13.26,14.59,14.66,14.52,0.03,0.769,0.852,0.632,0.054,948,948,948.0,0.032,0,0.279,0.57,0.09,0.103,282.2,326,220,19.87,-1.236,-1.216,-1.294,0.021,-1.102,-1.07,-1.136,0.023,-0.288,-0.284,-0.325,0.012,13.88,15868.11,337.7,0.086,337.9,337.5,-49.98,0.06,-49.79,-50.08,14.41,15509.6
2024-07-05 02:48:00,12192,2,2024,187,167,13.26,14.48,14.67,14.3,0.129,0.667,0.705,0.622,0.013,948,948,948.0,0.024,0,0.236,0.43,0.1,0.074,244.5,348,5,47.16,-1.261,-1.216,-1.333,0.028,-1.125,-1.07,-1.136,0.018,-0.3,-0.284,-0.365,0.021,13.9,15857.16,337.8,0.075,338.0,337.6,-49.8,0.13,-49.48,-49.96,14.35,15553.12
2024-07-05 02:49:00,12193,2,2024,187,168,13.24,14.3,14.41,14.26,0.032,0.76,0.862,0.622,0.065,948,948,948.0,0.024,0,0.328,0.42,0.23,0.043,202.7,256,140,38.67,-1.297,-1.255,-1.333,0.013,-1.158,-1.136,-1.203,0.023,-0.29,-0.284,-0.325,0.014,13.85,15884.99,338.0,0.061,338.1,337.8,-49.48,0.065,-49.4,-49.62,14.36,15543.68
2024-07-05 02:50:00,12194,2,2024,187,169,13.26,14.44,14.52,14.33,0.049,0.672,0.739,0.625,0.022,948,948,948.0,0.028,0,0.355,0.4,0.31,0.023,142.7,155,134,4.289,-1.346,-1.294,-1.372,0.029,-1.202,-1.17,-1.203,0.007,-0.286,-0.284,-0.325,0.009,13.88,15866.33,337.7,0.09,337.9,337.6,-49.65,0.037,-49.57,-49.71,14.32,15573.53
2024-07-05 02:51:00,12195,2,2024,187,170,13.26,14.45,14.58,14.34,0.051,0.751,0.862,0.662,0.07,948,948,948.0,0.032,0,0.416,0.54,0.28,0.072,158.1,166,145,4.513,-1.355,-1.294,-1.372,0.021,-1.216,-1.203,-1.237,0.016,-0.286,-0.284,-0.325,0.009,13.82,15907.72,337.8,0.112,338.1,337.6,-49.42,0.058,-49.34,-49.57,14.33,15565.38
2024-07-05 02:52:00,12196,2,2024,187,171,13.23,14.64,14.77,14.47,0.075,0.683,0.792,0.622,0.036,948,948,948.0,0.031,0,0.474,0.59,0.34,0.059,163.3,177,150,5.597,-1.347,-1.294,-1.372,0.022,-1.232,-1.203,-1.27,0.021,-0.287,-0.284,-0.325,0.01,13.86,15883.85,337.6,0.167,338.0,337.4,-49.51,0.091,-49.34,-49.62,14.29,15594.3
2024-07-05 02:53:00,12197,2,2024,187,172,13.26,14.43,14.48,14.35,0.028,0.734,0.858,0.632,0.069,948,948,948.0,0.032,0,0.422,0.51,0.36,0.042,168.3,177,158,4.718,-1.336,-1.294,-1.372,0.026,-1.246,-1.203,-1.27,0.024,-0.288,-0.284,-0.325,0.011,13.8,15923.36,337.5,0.093,337.7,337.3,-49.42,0.043,-49.34,-49.51,14.29,15590.67
2024-07-05 02:54:00,12198,2,2024,187,173,13.23,14.42,14.53,14.3,0.055,0.701,0.828,0.622,0.054,948,948,948.0,0.023,0,0.358,0.44,0.27,0.04,167.6,180,155,6.471,-1.327,-1.294,-1.372,0.023,-1.265,-1.237,-1.27,0.012,-0.288,-0.284,-0.325,0.012,13.8,15918.82,337.3,0.271,337.7,336.7,-49.54,0.167,-49.37,-49.91,14.23,15634.54
2024-07-05 02:55:00,12199,2,2024,187,174,13.27,14.23,14.31,14.15,0.034,0.713,0.842,0.619,0.063,948,948,948.0,0.026,0,0.366,0.48,0.25,0.061,165.1,179,152,5.617,-1.318,-1.294,-1.372,0.026,-1.27,-1.27,-1.27,0.0,-0.286,-0.284,-0.325,0.007,13.77,15941.53,336.2,0.31,336.8,335.7,-50.58,0.347,-49.94,-51.09,14.27,15606.89
2024-07-05 02:56:00,12200,2,2024,187,175,13.22,14.28,14.37,14.14,0.059,0.72,0.862,0.622,0.068,948,948,948.0,0.035,0,0.489,0.57,0.43,0.032,177.9,192,161,9.34,-1.305,-1.294,-1.333,0.018,-1.28,-1.27,-1.304,0.015,-0.291,-0.284,-0.325,0.015,13.77,15940.88,335.6,0.085,335.9,335.5,-51.07,0.029,-51.01,-51.15,14.21,15645.81
2024-07-05 02:57:00,12201,2,2024,187,176,13.26,14.19,14.3,14.08,0.046,0.694,0.812,0.629,0.047,948,948,948.0,0.032,0,0.506,0.57,0.44,0.029,192.1,205,175,8.6,-1.306,-1.294,-1.372,0.021,-1.289,-1.27,-1.337,0.021,-0.297,-0.284,-0.365,0.02,13.71,15981.11,335.3,0.201,335.7,335.0,-51.12,0.154,-50.92,-51.43,14.18,15667.64
2024-07-05 02:58:00,12202,2,2024,187,177,13.23,14.4,14.53,14.25,0.078,0.74,0.862,0.629,0.072,948,948,948.0,0.044,0,0.473,0.6,0.35,0.066,170.9,189,161,7.035,-1.293,-1.255,-1.294,0.005,-1.282,-1.27,-1.304,0.016,-0.303,-0.284,-0.365,0.022,13.75,15954.51,334.7,0.217,335.2,334.4,-51.75,0.149,-51.43,-51.89,14.17,15669.59
2024-07-05 02:59:00,12203,2,2024,187,178,13.27,14.39,14.47,14.28,0.056,0.679,0.772,0.622,0.031,948,948,948.0,0.032,0,0.453,0.54,0.36,0.039,175.6,189,165,6.353,-1.288,-1.255,-1.333,0.016,-1.278,-1.27,-1.304,0.014,-0.309,-0.284,-0.365,0.021,13.72,15977.25,334.4,0.09,334.6,334.2,-51.81,0.048,-51.69,-51.89,14.12,15703.34
2024-07-05 03:00:00,12204,2,2024,187,179,13.26,14.48,14.59,14.37,0.054,0.758,0.858,0.635,0.065,948,948,948.0,0.025,0,0.546,0.63,0.42,0.058,178,185,171,2.442,-1.282,-1.255,-1.294,0.018,-1.271,-1.27,-1.304,0.004,-0.31,-0.284,-0.365,0.026,13.69,15995.4,334.7,0.074,334.8,334.5,-51.52,0.075,-51.38,-51.66,14.11,15709.37
2024-07-05 03:01:00,12205,2,2024,187,180,13.27,14.34,14.51,14.16,0.085,0.777,0.808,0.685,0.029,948,948,948.0,0.031,0,0.617,0.76,0.5,0.071,185.9,193,173,4.516,-1.262,-1.216,-1.294,0.026,-1.263,-1.203,-1.27,0.015,-0.328,-0.284,-0.365,0.025,13.66,16014.87,335.0,0.193,335.4,334.7,-50.95,0.323,-50.3,-51.38,14.05,15755.1
2024-07-05 03:02:00,12206,2,2024,187,181,13.27,14.26,14.41,14.13,0.08,0.773,0.852,0.659,0.064,948,948,948.0,0.025,0,0.586,0.75,0.41,0.09,186.6,196,171,5.979,-1.228,-1.216,-1.255,0.018,-1.246,-1.203,-1.27,0.024,-0.336,-0.284,-0.365,0.027,13.64,16035.02,336.0,0.249,336.4,335.5,-49.85,0.234,-49.48,-50.3,14.06,15742.93
2024-07-05 03:03:00,12207,2,2024,187,182,13.26,14.19,14.37,14.09,0.077,0.662,0.679,0.619,0.01,948,948,948.0,0.028,0,0.896,1,0.66,0.077,181.4,187,177,2.104,-1.219,-1.216,-1.255,0.012,-1.215,-1.203,-1.27,0.019,-0.326,-0.284,-0.365,0.027,13.62,16044.08,336.5,0.169,336.8,336.3,-49.12,0.239,-48.78,-49.51,14.0,15784.33
2024-07-05 03:04:00,12208,2,2024,187,183,13.27,14.11,14.2,14.02,0.04,0.761,0.855,0.632,0.058,948,948,948.0,0.026,0,0.976,1.07,0.8,0.063,187.7,196,180,3.286,-1.216,-1.216,-1.216,0.0,-1.204,-1.203,-1.237,0.004,-0.317,-0.284,-0.365,0.022,13.58,16070.09,337.3,0.293,337.7,336.7,-48.39,0.245,-47.93,-48.78,14.02,15770.34
2024-07-05 03:05:00,12209,2,2024,187,184,13.26,14.07,14.21,13.92,0.067,0.662,0.679,0.619,0.013,948,948,948.0,0.031,0,0.924,1.15,0.68,0.123,195.9,203,190,2.546,-1.208,-1.176,-1.216,0.015,-1.191,-1.136,-1.203,0.019,-0.309,-0.284,-0.365,0.024,13.61,16053.13,337.8,0.071,338.0,337.6,-47.7,0.114,-47.53,-47.93,13.98,15797.45
2024-07-05 03:06:00,12210,2,2024,187,185,13.27,13.99,14.12,13.94,0.042,0.761,0.848,0.629,0.054,948,948,948.0,0.028,0,0.999,1.23,0.69,0.127,200.3,212,191,3.788,-1.186,-1.137,-1.216,0.027,-1.158,-1.136,-1.203,0.023,-0.295,-0.284,-0.365,0.019,13.56,16087.68,338.1,0.255,338.7,337.7,-47.33,0.199,-46.91,-47.62,14.01,15776.68
2024-07-05 03:07:00,12211,2,2024,187,186,13.27,13.99,14.14,13.82,0.099,0.662,0.709,0.619,0.016,948,948,948.0,0.028,0,0.906,1.16,0.16,0.222,204.6,254,187,10.7,-1.18,-1.137,-1.216,0.024,-1.139,-1.136,-1.17,0.009,-0.293,-0.284,-0.325,0.017,13.56,16084.32,338.7,0.125,338.9,338.5,-46.62,0.159,-46.37,-46.91,13.94,15828.49
2024-07-05 03:08:00,12212,2,2024,187,187,13.26,13.74,13.89,13.63,0.067,0.754,0.848,0.652,0.065,948,948,948.0,0.027,0,0.781,1.09,0.45,0.177,200.5,217,183,7.129,-1.169,-1.137,-1.216,0.021,-1.117,-1.07,-1.136,0.024,-0.288,-0.284,-0.325,0.011,13.52,16114.9,339.0,0.233,339.5,338.6,-46.26,0.174,-45.89,-46.57,13.96,15815.62
2024-07-05 03:09:00,12213,2,2024,187,188,13.23,13.94,14.02,13.88,0.039,0.67,0.745,0.622,0.024,948,948,948.0,0.026,0,1.018,1.22,0.79,0.111,203.1,210,194,3.63,-1.157,-1.098,-1.216,0.022,-1.086,-1.07,-1.136,0.018,-0.286,-0.284,-0.325,0.007,13.53,16105.09,339.4,0.148,339.8,339.2,-45.73,0.199,-45.36,-46.06,13.91,15847.97
2024-07-05 03:10:00,12214,2,2024,187,189,13.27,13.87,14.04,13.76,0.058,0.74,0.852,0.619,0.071,948,948,948.0,0.034,0,0.964,1.23,0.69,0.129,196.3,212,179,7.057,-1.125,-1.059,-1.176,0.024,-1.069,-1.036,-1.07,0.004,-0.285,-0.244,-0.325,0.009,13.51,16124.72,339.8,0.216,340.3,339.5,-45.24,0.168,-44.93,-45.55,13.93,15831.2
2024-07-05 03:11:00,12215,2,2024,187,190,13.23,14.17,14.27,14.03,0.062,0.682,0.792,0.619,0.039,948,948,948.0,0.019,0,1.151,1.3,0.87,0.091,184.4,193,179,2.9,-1.063,-1.019,-1.137,0.02,-1.011,-0.969,-1.07,0.025,-0.281,-0.244,-0.284,0.011,13.53,16108.33,340.1,0.102,340.3,339.8,-44.96,0.14,-44.71,-45.19,13.9,15855.86
2024-07-05 03:12:00,12216,2,2024,187,191,13.26,14.24,14.35,14.12,0.053,0.725,0.855,0.629,0.068,948,948,948.0,0.034,0,1.074,1.27,0.81,0.142,178.6,185,166,4.413,-0.98,-0.941,-1.019,0.026,-0.94,-0.902,-0.969,0.021,-0.282,-0.244,-0.325,0.012,13.48,16140.88,340.3,0.122,340.6,340.1,-44.57,0.077,-44.45,-44.74,13.9,15851.32
2024-07-05 03:13:00,12217,2,2024,187,192,13.23,14.51,14.64,14.33,0.077,0.7,0.825,0.619,0.056,948,948,948.0,0.02,0,0.985,1.09,0.88,0.056,178.2,186,171,3.253,-0.903,-0.823,-0.941,0.021,-0.872,-0.836,-0.936,0.021,-0.29,-0.284,-0.325,0.014,13.52,16118.07,340.6,0.095,340.8,340.4,-44.34,0.122,-44.11,-44.54,13.89,15858.55
2024-07-05 03:14:00,12218,2,2024,187,193,13.27,14.51,14.55,14.44,0.024,0.705,0.845,0.622,0.06,948,948,948.0,0.034,0,1.111,1.24,0.91,0.057,186.1,189,183,1.557,-0.835,-0.784,-0.902,0.027,-0.811,-0.802,-0.836,0.015,-0.3,-0.284,-0.365,0.021,13.5,16129.1,340.7,0.077,340.9,340.6,-44.05,0.049,-43.94,-44.14,13.89,15860.41
2024-07-05 03:15:00,12219,2,2024,187,194,13.23,14.63,14.74,14.49,0.07,0.716,0.845,0.616,0.066,948,948,948.0,0.028,0,1.029,1.18,0.89,0.079,180.7,185,177,1.686,-0.795,-0.745,-0.823,0.021,-0.788,-0.735,-0.802,0.018,-0.3,-0.284,-0.325,0.02,13.51,16124.56,340.8,0.15,341.1,340.6,-44.06,0.1,-43.92,-44.2,13.87,15874.04
2024-07-05 03:16:00,12220,2,2024,187,195,13.27,14.57,14.62,14.51,0.023,0.686,0.795,0.625,0.043,948,948,948.0,0.031,0,0.938,1,0.86,0.032,181.3,191,172,3.828,-0.758,-0.745,-0.784,0.018,-0.74,-0.702,-0.769,0.014,-0.286,-0.244,-0.325,0.014,13.49,16136.98,340.4,0.25,340.8,340.0,-44.36,0.223,-44.06,-44.74,13.87,15874.68
